1.250000000000000000e+01 2.457094583333333503e+04
1.750000000000000000e+01 2.976972499999999854e+04
2.250000000000000000e+01 1.768683333333333212e+04
2.750000000000000000e+01 1.302737500000000000e+04
3.250000000000000000e+01 1.011023214285714312e+04
3.750000000000000000e+01 1.442264062500000000e+04
4.250000000000000000e+01 2.423917499999999927e+04
4.750000000000000000e+01 9.134854166666666060e+03
5.250000000000000000e+01 1.998873437500000000e+04
5.750000000000000000e+01 1.920137500000000000e+04
6.250000000000000000e+01 2.534146774193548481e+04
6.750000000000000000e+01 3.692655000000000291e+04
7.250000000000000000e+01 1.728243478260869597e+04
7.750000000000000000e+01 3.803959259259259125e+04
8.250000000000000000e+01 2.028141666666666788e+04
8.750000000000000000e+01 3.999180000000000291e+04
9.250000000000000000e+01 1.191786333333333314e+05
9.750000000000000000e+01 4.274789743589743739e+04
1.025000000000000000e+02 4.767854166666666424e+04
1.075000000000000000e+02 5.435279487179487478e+04
1.125000000000000000e+02 1.181748000000000029e+05
1.175000000000000000e+02 1.645376923076923122e+05
1.225000000000000000e+02 1.067618611111111095e+05
1.275000000000000000e+02 8.460571428571428987e+04
1.325000000000000000e+02 2.179913333333333430e+05
1.375000000000000000e+02 1.946833999999999942e+05
1.425000000000000000e+02 2.500135000000000000e+05
1.475000000000000000e+02 2.424505000000000000e+05
1.525000000000000000e+02 1.213320000000000000e+05
1.575000000000000000e+02 6.298694480519480567e+04
