-2.000000000000000000e+01
-1.967967967967967979e+01
-1.935935935935935959e+01
-1.903903903903903938e+01
-1.871871871871871917e+01
-1.839839839839839897e+01
-1.807807807807807876e+01
-1.775775775775775855e+01
-1.743743743743743835e+01
-1.711711711711711814e+01
-1.679679679679679793e+01
-1.647647647647647773e+01
-1.615615615615615752e+01
-1.583583583583583554e+01
-1.551551551551551533e+01
-1.519519519519519513e+01
-1.487487487487487492e+01
-1.455455455455455471e+01
-1.423423423423423451e+01
-1.391391391391391430e+01
-1.359359359359359409e+01
-1.327327327327327211e+01
-1.295295295295295190e+01
-1.263263263263263170e+01
-1.231231231231231149e+01
-1.199199199199199128e+01
-1.167167167167167108e+01
-1.135135135135135087e+01
-1.103103103103103066e+01
-1.071071071071071046e+01
-1.039039039039039025e+01
-1.007007007007007005e+01
-9.749749749749749839e+00
-9.429429429429429632e+00
-9.109109109109109426e+00
-8.788788788788789219e+00
-8.468468468468469013e+00
-8.148148148148148806e+00
-7.827827827827828600e+00
-7.507507507507508393e+00
-7.187187187187188186e+00
-6.866866866866866204e+00
-6.546546546546545997e+00
-6.226226226226225791e+00
-5.905905905905905584e+00
-5.585585585585585378e+00
-5.265265265265265171e+00
-4.944944944944944965e+00
-4.624624624624624758e+00
-4.304304304304304551e+00
-3.983983983983982569e+00
-3.663663663663662362e+00
-3.343343343343342156e+00
-3.023023023023021949e+00
-2.702702702702701743e+00
-2.382382382382381536e+00
-2.062062062062061329e+00
-1.741741741741741123e+00
-1.421421421421420916e+00
-1.101101101101100710e+00
-7.807807807807805034e-01
-4.604604604604602969e-01
-1.401401401401400904e-01
1.801801801801801162e-01
5.005005005005003227e-01
8.208208208208205292e-01
1.141141141141140736e+00
1.461461461461460942e+00
1.781781781781781149e+00
2.102102102102101355e+00
2.422422422422421562e+00
2.742742742742741768e+00
3.063063063063061975e+00
3.383383383383382181e+00
3.703703703703702388e+00
4.024024024024022594e+00
4.344344344344342801e+00
4.664664664664663007e+00
4.984984984984983214e+00
5.305305305305303420e+00
5.625625625625623627e+00
5.945945945945947386e+00
6.266266266266267593e+00
6.586586586586587799e+00
6.906906906906908006e+00
7.227227227227228212e+00
7.547547547547548419e+00
7.867867867867868625e+00
8.188188188188188832e+00
8.508508508508509038e+00
8.828828828828829245e+00
9.149149149149149451e+00
9.469469469469469658e+00
9.789789789789789864e+00
1.011011011011011007e+01
1.043043043043043028e+01
1.075075075075075048e+01
1.107107107107107069e+01
1.139139139139139090e+01
1.171171171171171110e+01
1.203203203203203486e+01
1.235235235235235507e+01
1.267267267267267528e+01
1.299299299299299548e+01
1.331331331331331569e+01
1.363363363363363590e+01
1.395395395395395610e+01
1.427427427427427631e+01
1.459459459459459651e+01
1.491491491491491672e+01
1.523523523523523693e+01
1.555555555555555713e+01
1.587587587587587734e+01
1.619619619619619755e+01
1.651651651651651775e+01
1.683683683683683796e+01
1.715715715715715817e+01
1.747747747747747837e+01
1.779779779779779858e+01
1.811811811811811879e+01
1.843843843843843899e+01
1.875875875875875920e+01
1.907907907907907941e+01
1.939939939939939961e+01
1.971971971971971982e+01
2.004004004004004003e+01
2.036036036036036023e+01
2.068068068068068044e+01
2.100100100100100065e+01
2.132132132132132085e+01
2.164164164164164106e+01
2.196196196196196126e+01
2.228228228228228147e+01
2.260260260260260168e+01
2.292292292292292188e+01
2.324324324324324209e+01
2.356356356356356230e+01
2.388388388388388250e+01
2.420420420420420271e+01
2.452452452452452292e+01
2.484484484484484312e+01
2.516516516516516333e+01
2.548548548548548354e+01
2.580580580580580374e+01
2.612612612612612395e+01
2.644644644644644416e+01
2.676676676676676436e+01
2.708708708708708457e+01
2.740740740740740478e+01
2.772772772772772498e+01
2.804804804804804519e+01
2.836836836836836540e+01
2.868868868868868560e+01
2.900900900900900581e+01
2.932932932932932601e+01
2.964964964964964622e+01
2.996996996996996643e+01
3.029029029029028663e+01
3.061061061061060684e+01
3.093093093093092705e+01
3.125125125125124725e+01
3.157157157157157457e+01
3.189189189189189477e+01
3.221221221221221498e+01
3.253253253253253519e+01
3.285285285285285539e+01
3.317317317317317560e+01
3.349349349349349581e+01
3.381381381381381601e+01
3.413413413413413622e+01
3.445445445445445642e+01
3.477477477477477663e+01
3.509509509509509684e+01
3.541541541541541704e+01
3.573573573573573725e+01
3.605605605605605746e+01
3.637637637637637766e+01
3.669669669669669787e+01
3.701701701701701808e+01
3.733733733733733828e+01
3.765765765765765849e+01
3.797797797797797870e+01
3.829829829829829890e+01
3.861861861861861911e+01
3.893893893893893932e+01
3.925925925925925952e+01
3.957957957957957973e+01
3.989989989989989994e+01
4.022022022022022014e+01
4.054054054054054035e+01
4.086086086086086056e+01
4.118118118118118076e+01
4.150150150150150097e+01
4.182182182182182117e+01
4.214214214214214138e+01
4.246246246246246159e+01
4.278278278278278179e+01
4.310310310310310200e+01
4.342342342342342221e+01
4.374374374374374241e+01
4.406406406406406973e+01
4.438438438438438993e+01
4.470470470470471014e+01
4.502502502502503035e+01
4.534534534534535055e+01
4.566566566566567076e+01
4.598598598598599096e+01
4.630630630630631117e+01
4.662662662662663138e+01
4.694694694694695158e+01
4.726726726726727179e+01
4.758758758758759200e+01
4.790790790790791220e+01
4.822822822822823241e+01
4.854854854854855262e+01
4.886886886886887282e+01
4.918918918918919303e+01
4.950950950950951324e+01
4.982982982982983344e+01
5.015015015015015365e+01
5.047047047047047386e+01
5.079079079079079406e+01
5.111111111111111427e+01
5.143143143143143448e+01
5.175175175175175468e+01
5.207207207207207489e+01
5.239239239239239510e+01
5.271271271271271530e+01
5.303303303303303551e+01
5.335335335335335571e+01
5.367367367367367592e+01
5.399399399399399613e+01
5.431431431431431633e+01
5.463463463463463654e+01
5.495495495495495675e+01
5.527527527527527695e+01
5.559559559559559716e+01
5.591591591591591737e+01
5.623623623623623757e+01
5.655655655655655778e+01
5.687687687687687799e+01
5.719719719719719819e+01
5.751751751751751840e+01
5.783783783783783861e+01
5.815815815815815881e+01
5.847847847847847902e+01
5.879879879879879923e+01
5.911911911911911943e+01
5.943943943943943964e+01
5.975975975975975985e+01
6.008008008008008005e+01
6.040040040040040026e+01
6.072072072072072046e+01
6.104104104104104067e+01
6.136136136136136088e+01
6.168168168168168108e+01
6.200200200200200129e+01
6.232232232232232150e+01
6.264264264264264170e+01
6.296296296296296191e+01
6.328328328328328212e+01
6.360360360360360232e+01
6.392392392392392253e+01
6.424424424424424274e+01
6.456456456456456294e+01
6.488488488488488315e+01
6.520520520520520336e+01
6.552552552552552356e+01
6.584584584584584377e+01
6.616616616616616398e+01
6.648648648648648418e+01
6.680680680680680439e+01
6.712712712712712460e+01
6.744744744744744480e+01
6.776776776776776501e+01
6.808808808808808521e+01
6.840840840840840542e+01
6.872872872872872563e+01
6.904904904904904583e+01
6.936936936936936604e+01
6.968968968968968625e+01
7.001001001001000645e+01
7.033033033033032666e+01
7.065065065065064687e+01
7.097097097097096707e+01
7.129129129129128728e+01
7.161161161161160749e+01
7.193193193193192769e+01
7.225225225225224790e+01
7.257257257257256811e+01
7.289289289289288831e+01
7.321321321321320852e+01
7.353353353353352873e+01
7.385385385385384893e+01
7.417417417417416914e+01
7.449449449449448935e+01
7.481481481481480955e+01
7.513513513513512976e+01
7.545545545545544996e+01
7.577577577577577017e+01
7.609609609609609038e+01
7.641641641641641058e+01
7.673673673673673079e+01
7.705705705705705100e+01
7.737737737737737120e+01
7.769769769769769141e+01
7.801801801801801162e+01
7.833833833833833182e+01
7.865865865865865203e+01
7.897897897897897224e+01
7.929929929929929244e+01
7.961961961961961265e+01
7.993993993993993286e+01
8.026026026026025306e+01
8.058058058058057327e+01
8.090090090090089348e+01
8.122122122122121368e+01
8.154154154154153389e+01
8.186186186186185409e+01
8.218218218218217430e+01
8.250250250250249451e+01
8.282282282282282893e+01
8.314314314314314913e+01
8.346346346346346934e+01
8.378378378378378954e+01
8.410410410410410975e+01
8.442442442442442996e+01
8.474474474474475016e+01
8.506506506506507037e+01
8.538538538538539058e+01
8.570570570570571078e+01
8.602602602602603099e+01
8.634634634634635120e+01
8.666666666666667140e+01
8.698698698698699161e+01
8.730730730730731182e+01
8.762762762762763202e+01
8.794794794794795223e+01
8.826826826826827244e+01
8.858858858858859264e+01
8.890890890890891285e+01
8.922922922922923306e+01
8.954954954954955326e+01
8.986986986986987347e+01
9.019019019019019368e+01
9.051051051051051388e+01
9.083083083083083409e+01
9.115115115115115429e+01
9.147147147147147450e+01
9.179179179179179471e+01
9.211211211211211491e+01
9.243243243243243512e+01
9.275275275275275533e+01
9.307307307307307553e+01
9.339339339339339574e+01
9.371371371371371595e+01
9.403403403403403615e+01
9.435435435435435636e+01
9.467467467467467657e+01
9.499499499499499677e+01
9.531531531531531698e+01
9.563563563563563719e+01
9.595595595595595739e+01
9.627627627627627760e+01
9.659659659659659781e+01
9.691691691691691801e+01
9.723723723723723822e+01
9.755755755755755843e+01
9.787787787787787863e+01
9.819819819819819884e+01
9.851851851851851904e+01
9.883883883883883925e+01
9.915915915915915946e+01
9.947947947947947966e+01
9.979979979979979987e+01
1.001201201201201201e+02
1.004404404404404403e+02
1.007607607607607605e+02
1.010810810810810807e+02
1.014014014014014009e+02
1.017217217217217211e+02
1.020420420420420413e+02
1.023623623623623615e+02
1.026826826826826817e+02
1.030030030030030019e+02
1.033233233233233221e+02
1.036436436436436423e+02
1.039639639639639626e+02
1.042842842842842828e+02
1.046046046046046030e+02
1.049249249249249232e+02
1.052452452452452434e+02
1.055655655655655636e+02
1.058858858858858838e+02
1.062062062062062040e+02
1.065265265265265242e+02
1.068468468468468444e+02
1.071671671671671646e+02
1.074874874874874848e+02
1.078078078078078050e+02
1.081281281281281395e+02
1.084484484484484597e+02
1.087687687687687799e+02
1.090890890890891001e+02
1.094094094094094203e+02
1.097297297297297405e+02
1.100500500500500607e+02
1.103703703703703809e+02
1.106906906906907011e+02
1.110110110110110213e+02
1.113313313313313415e+02
1.116516516516516617e+02
1.119719719719719819e+02
1.122922922922923021e+02
1.126126126126126223e+02
1.129329329329329425e+02
1.132532532532532628e+02
1.135735735735735830e+02
1.138938938938939032e+02
1.142142142142142234e+02
1.145345345345345436e+02
1.148548548548548638e+02
1.151751751751751840e+02
1.154954954954955042e+02
1.158158158158158244e+02
1.161361361361361446e+02
1.164564564564564648e+02
1.167767767767767850e+02
1.170970970970971052e+02
1.174174174174174254e+02
1.177377377377377456e+02
1.180580580580580659e+02
1.183783783783783861e+02
1.186986986986987063e+02
1.190190190190190265e+02
1.193393393393393467e+02
1.196596596596596669e+02
1.199799799799799871e+02
1.203003003003003073e+02
1.206206206206206275e+02
1.209409409409409477e+02
1.212612612612612679e+02
1.215815815815815881e+02
1.219019019019019083e+02
1.222222222222222285e+02
1.225425425425425487e+02
1.228628628628628690e+02
1.231831831831831892e+02
1.235035035035035094e+02
1.238238238238238296e+02
1.241441441441441498e+02
1.244644644644644700e+02
1.247847847847847902e+02
1.251051051051051104e+02
1.254254254254254306e+02
1.257457457457457508e+02
1.260660660660660710e+02
1.263863863863863912e+02
1.267067067067067114e+02
1.270270270270270316e+02
1.273473473473473518e+02
1.276676676676676720e+02
1.279879879879879923e+02
1.283083083083083125e+02
1.286286286286286327e+02
1.289489489489489529e+02
1.292692692692692731e+02
1.295895895895895933e+02
1.299099099099099135e+02
1.302302302302302337e+02
1.305505505505505539e+02
1.308708708708708741e+02
1.311911911911911943e+02
1.315115115115115145e+02
1.318318318318318347e+02
1.321521521521521549e+02
1.324724724724724751e+02
1.327927927927927954e+02
1.331131131131131156e+02
1.334334334334334358e+02
1.337537537537537560e+02
1.340740740740740762e+02
1.343943943943943964e+02
1.347147147147147166e+02
1.350350350350350368e+02
1.353553553553553570e+02
1.356756756756756772e+02
1.359959959959959974e+02
1.363163163163163176e+02
1.366366366366366378e+02
1.369569569569569580e+02
1.372772772772772782e+02
1.375975975975975985e+02
1.379179179179179187e+02
1.382382382382382389e+02
1.385585585585585591e+02
1.388788788788788793e+02
1.391991991991991995e+02
1.395195195195195197e+02
1.398398398398398399e+02
1.401601601601601601e+02
1.404804804804804803e+02
1.408008008008008005e+02
1.411211211211211207e+02
1.414414414414414409e+02
1.417617617617617611e+02
1.420820820820820813e+02
1.424024024024024015e+02
1.427227227227227218e+02
1.430430430430430420e+02
1.433633633633633622e+02
1.436836836836836824e+02
1.440040040040040026e+02
1.443243243243243228e+02
1.446446446446446430e+02
1.449649649649649632e+02
1.452852852852852834e+02
1.456056056056056036e+02
1.459259259259259238e+02
1.462462462462462440e+02
1.465665665665665642e+02
1.468868868868868844e+02
1.472072072072072046e+02
1.475275275275275249e+02
1.478478478478478451e+02
1.481681681681681653e+02
1.484884884884884855e+02
1.488088088088088057e+02
1.491291291291291259e+02
1.494494494494494461e+02
1.497697697697697663e+02
1.500900900900900865e+02
1.504104104104104067e+02
1.507307307307307269e+02
1.510510510510510471e+02
1.513713713713713673e+02
1.516916916916916875e+02
1.520120120120120077e+02
1.523323323323323280e+02
1.526526526526526482e+02
1.529729729729729684e+02
1.532932932932932886e+02
1.536136136136136088e+02
1.539339339339339290e+02
1.542542542542542492e+02
1.545745745745745694e+02
1.548948948948948896e+02
1.552152152152152098e+02
1.555355355355355300e+02
1.558558558558558502e+02
1.561761761761761704e+02
1.564964964964964906e+02
1.568168168168168108e+02
1.571371371371371310e+02
1.574574574574574513e+02
1.577777777777777715e+02
1.580980980980980917e+02
1.584184184184184119e+02
1.587387387387387321e+02
1.590590590590590523e+02
1.593793793793793725e+02
1.596996996996996927e+02
1.600200200200200129e+02
1.603403403403403331e+02
1.606606606606606533e+02
1.609809809809809735e+02
1.613013013013012937e+02
1.616216216216216139e+02
1.619419419419419341e+02
1.622622622622622544e+02
1.625825825825825746e+02
1.629029029029028948e+02
1.632232232232232150e+02
1.635435435435435352e+02
1.638638638638638554e+02
1.641841841841841756e+02
1.645045045045044958e+02
1.648248248248248160e+02
1.651451451451451362e+02
1.654654654654654564e+02
1.657857857857857766e+02
1.661061061061060968e+02
1.664264264264264170e+02
1.667467467467467372e+02
1.670670670670670575e+02
1.673873873873873777e+02
1.677077077077076979e+02
1.680280280280280181e+02
1.683483483483483383e+02
1.686686686686686585e+02
1.689889889889889787e+02
1.693093093093092989e+02
1.696296296296296191e+02
1.699499499499499393e+02
1.702702702702702595e+02
1.705905905905905797e+02
1.709109109109108999e+02
1.712312312312312201e+02
1.715515515515515403e+02
1.718718718718718605e+02
1.721921921921921808e+02
1.725125125125125010e+02
1.728328328328328212e+02
1.731531531531531414e+02
1.734734734734734616e+02
1.737937937937937818e+02
1.741141141141141020e+02
1.744344344344344222e+02
1.747547547547547424e+02
1.750750750750750626e+02
1.753953953953953828e+02
1.757157157157157030e+02
1.760360360360360232e+02
1.763563563563563434e+02
1.766766766766766636e+02
1.769969969969969839e+02
1.773173173173173041e+02
1.776376376376376243e+02
1.779579579579579445e+02
1.782782782782782647e+02
1.785985985985985849e+02
1.789189189189189051e+02
1.792392392392392253e+02
1.795595595595595455e+02
1.798798798798798657e+02
1.802002002002001859e+02
1.805205205205205061e+02
1.808408408408408263e+02
1.811611611611611465e+02
1.814814814814814667e+02
1.818018018018017870e+02
1.821221221221221072e+02
1.824424424424424274e+02
1.827627627627627476e+02
1.830830830830830678e+02
1.834034034034033880e+02
1.837237237237237082e+02
1.840440440440440284e+02
1.843643643643643486e+02
1.846846846846846688e+02
1.850050050050049890e+02
1.853253253253253376e+02
1.856456456456456579e+02
1.859659659659659781e+02
1.862862862862862983e+02
1.866066066066066185e+02
1.869269269269269387e+02
1.872472472472472589e+02
1.875675675675675791e+02
1.878878878878878993e+02
1.882082082082082195e+02
1.885285285285285397e+02
1.888488488488488599e+02
1.891691691691691801e+02
1.894894894894895003e+02
1.898098098098098205e+02
1.901301301301301407e+02
1.904504504504504609e+02
1.907707707707707812e+02
1.910910910910911014e+02
1.914114114114114216e+02
1.917317317317317418e+02
1.920520520520520620e+02
1.923723723723723822e+02
1.926926926926927024e+02
1.930130130130130226e+02
1.933333333333333428e+02
1.936536536536536630e+02
1.939739739739739832e+02
1.942942942942943034e+02
1.946146146146146236e+02
1.949349349349349438e+02
1.952552552552552640e+02
1.955755755755755843e+02
1.958958958958959045e+02
1.962162162162162247e+02
1.965365365365365449e+02
1.968568568568568651e+02
1.971771771771771853e+02
1.974974974974975055e+02
1.978178178178178257e+02
1.981381381381381459e+02
1.984584584584584661e+02
1.987787787787787863e+02
1.990990990990991065e+02
1.994194194194194267e+02
1.997397397397397469e+02
2.000600600600600671e+02
2.003803803803803874e+02
2.007007007007007076e+02
2.010210210210210278e+02
2.013413413413413480e+02
2.016616616616616682e+02
2.019819819819819884e+02
2.023023023023023086e+02
2.026226226226226288e+02
2.029429429429429490e+02
2.032632632632632692e+02
2.035835835835835894e+02
2.039039039039039096e+02
2.042242242242242298e+02
2.045445445445445500e+02
2.048648648648648702e+02
2.051851851851851904e+02
2.055055055055055107e+02
2.058258258258258309e+02
2.061461461461461511e+02
2.064664664664664713e+02
2.067867867867867915e+02
2.071071071071071117e+02
2.074274274274274319e+02
2.077477477477477521e+02
2.080680680680680723e+02
2.083883883883883925e+02
2.087087087087087127e+02
2.090290290290290329e+02
2.093493493493493531e+02
2.096696696696696733e+02
2.099899899899899935e+02
2.103103103103103138e+02
2.106306306306306340e+02
2.109509509509509542e+02
2.112712712712712744e+02
2.115915915915915946e+02
2.119119119119119148e+02
2.122322322322322350e+02
2.125525525525525552e+02
2.128728728728728754e+02
2.131931931931931956e+02
2.135135135135135158e+02
2.138338338338338360e+02
2.141541541541541562e+02
2.144744744744744764e+02
2.147947947947947966e+02
2.151151151151151169e+02
2.154354354354354371e+02
2.157557557557557573e+02
2.160760760760760775e+02
2.163963963963963977e+02
2.167167167167167179e+02
2.170370370370370381e+02
2.173573573573573583e+02
2.176776776776776785e+02
2.179979979979979987e+02
2.183183183183183189e+02
2.186386386386386391e+02
2.189589589589589593e+02
2.192792792792792795e+02
2.195995995995995997e+02
2.199199199199199199e+02
2.202402402402402402e+02
2.205605605605605604e+02
2.208808808808808806e+02
2.212012012012012008e+02
2.215215215215215210e+02
2.218418418418418412e+02
2.221621621621621614e+02
2.224824824824824816e+02
2.228028028028028018e+02
2.231231231231231220e+02
2.234434434434434422e+02
2.237637637637637624e+02
2.240840840840840826e+02
2.244044044044044028e+02
2.247247247247247230e+02
2.250450450450450433e+02
2.253653653653653635e+02
2.256856856856856837e+02
2.260060060060060039e+02
2.263263263263263241e+02
2.266466466466466443e+02
2.269669669669669645e+02
2.272872872872872847e+02
2.276076076076076049e+02
2.279279279279279251e+02
2.282482482482482453e+02
2.285685685685685655e+02
2.288888888888888857e+02
2.292092092092092059e+02
2.295295295295295261e+02
2.298498498498498464e+02
2.301701701701701666e+02
2.304904904904904868e+02
2.308108108108108070e+02
2.311311311311311272e+02
2.314514514514514474e+02
2.317717717717717676e+02
2.320920920920920878e+02
2.324124124124124080e+02
2.327327327327327282e+02
2.330530530530530484e+02
2.333733733733733686e+02
2.336936936936936888e+02
2.340140140140140090e+02
2.343343343343343292e+02
2.346546546546546494e+02
2.349749749749749697e+02
2.352952952952952899e+02
2.356156156156156101e+02
2.359359359359359303e+02
2.362562562562562789e+02
2.365765765765765991e+02
2.368968968968969193e+02
2.372172172172172395e+02
2.375375375375375597e+02
2.378578578578578799e+02
2.381781781781782001e+02
2.384984984984985203e+02
2.388188188188188406e+02
2.391391391391391608e+02
2.394594594594594810e+02
2.397797797797798012e+02
2.401001001001001214e+02
2.404204204204204416e+02
2.407407407407407618e+02
2.410610610610610820e+02
2.413813813813814022e+02
2.417017017017017224e+02
2.420220220220220426e+02
2.423423423423423628e+02
2.426626626626626830e+02
2.429829829829830032e+02
2.433033033033033234e+02
2.436236236236236437e+02
2.439439439439439639e+02
2.442642642642642841e+02
2.445845845845846043e+02
2.449049049049049245e+02
2.452252252252252447e+02
2.455455455455455649e+02
2.458658658658658851e+02
2.461861861861862053e+02
2.465065065065065255e+02
2.468268268268268457e+02
2.471471471471471659e+02
2.474674674674674861e+02
2.477877877877878063e+02
2.481081081081081265e+02
2.484284284284284468e+02
2.487487487487487670e+02
2.490690690690690872e+02
2.493893893893894074e+02
2.497097097097097276e+02
2.500300300300300478e+02
2.503503503503503680e+02
2.506706706706706882e+02
2.509909909909910084e+02
2.513113113113113286e+02
2.516316316316316488e+02
2.519519519519519690e+02
2.522722722722722892e+02
2.525925925925926094e+02
2.529129129129129296e+02
2.532332332332332498e+02
2.535535535535535701e+02
2.538738738738738903e+02
2.541941941941942105e+02
2.545145145145145307e+02
2.548348348348348509e+02
2.551551551551551711e+02
2.554754754754754913e+02
2.557957957957958115e+02
2.561161161161161317e+02
2.564364364364364519e+02
2.567567567567567721e+02
2.570770770770770923e+02
2.573973973973974125e+02
2.577177177177177327e+02
2.580380380380380529e+02
2.583583583583583732e+02
2.586786786786786934e+02
2.589989989989990136e+02
2.593193193193193338e+02
2.596396396396396540e+02
2.599599599599599742e+02
2.602802802802802944e+02
2.606006006006006146e+02
2.609209209209209348e+02
2.612412412412412550e+02
2.615615615615615752e+02
2.618818818818818954e+02
2.622022022022022156e+02
2.625225225225225358e+02
2.628428428428428560e+02
2.631631631631631763e+02
2.634834834834834965e+02
2.638038038038038167e+02
2.641241241241241369e+02
2.644444444444444571e+02
2.647647647647647773e+02
2.650850850850850975e+02
2.654054054054054177e+02
2.657257257257257379e+02
2.660460460460460581e+02
2.663663663663663783e+02
2.666866866866866985e+02
2.670070070070070187e+02
2.673273273273273389e+02
2.676476476476476591e+02
2.679679679679679793e+02
2.682882882882882996e+02
2.686086086086086198e+02
2.689289289289289400e+02
2.692492492492492602e+02
2.695695695695695804e+02
2.698898898898899006e+02
2.702102102102102208e+02
2.705305305305305410e+02
2.708508508508508612e+02
2.711711711711711814e+02
2.714914914914915016e+02
2.718118118118118218e+02
2.721321321321321420e+02
2.724524524524524622e+02
2.727727727727727824e+02
2.730930930930931027e+02
2.734134134134134229e+02
2.737337337337337431e+02
2.740540540540540633e+02
2.743743743743743835e+02
2.746946946946947037e+02
2.750150150150150239e+02
2.753353353353353441e+02
2.756556556556556643e+02
2.759759759759759845e+02
2.762962962962963047e+02
2.766166166166166249e+02
2.769369369369369451e+02
2.772572572572572653e+02
2.775775775775775855e+02
2.778978978978979058e+02
2.782182182182182260e+02
2.785385385385385462e+02
2.788588588588588664e+02
2.791791791791791866e+02
2.794994994994995068e+02
2.798198198198198270e+02
2.801401401401401472e+02
2.804604604604604674e+02
2.807807807807807876e+02
2.811011011011011078e+02
2.814214214214214280e+02
2.817417417417417482e+02
2.820620620620620684e+02
2.823823823823823886e+02
2.827027027027027088e+02
2.830230230230230291e+02
2.833433433433433493e+02
2.836636636636636695e+02
2.839839839839839897e+02
2.843043043043043099e+02
2.846246246246246301e+02
2.849449449449449503e+02
2.852652652652652705e+02
2.855855855855855907e+02
2.859059059059059109e+02
2.862262262262262311e+02
2.865465465465465513e+02
2.868668668668668715e+02
2.871871871871871917e+02
2.875075075075075119e+02
2.878278278278278322e+02
2.881481481481481524e+02
2.884684684684684726e+02
2.887887887887887928e+02
2.891091091091091130e+02
2.894294294294294332e+02
2.897497497497497534e+02
2.900700700700700736e+02
2.903903903903903938e+02
2.907107107107107140e+02
2.910310310310310342e+02
2.913513513513513544e+02
2.916716716716716746e+02
2.919919919919919948e+02
2.923123123123123150e+02
2.926326326326326353e+02
2.929529529529529555e+02
2.932732732732732757e+02
2.935935935935935959e+02
2.939139139139139161e+02
2.942342342342342363e+02
2.945545545545545565e+02
2.948748748748748767e+02
2.951951951951951969e+02
2.955155155155155171e+02
2.958358358358358373e+02
2.961561561561561575e+02
2.964764764764764777e+02
2.967967967967967979e+02
2.971171171171171181e+02
2.974374374374374383e+02
2.977577577577577586e+02
2.980780780780780788e+02
2.983983983983983990e+02
2.987187187187187192e+02
2.990390390390390394e+02
2.993593593593593596e+02
2.996796796796796798e+02
3.000000000000000000e+02
