1.350000000000000000e+01 2.337442500000000000e+05
1.450000000000000000e+01 4.775000000000000000e+04
1.550000000000000000e+01 3.329540000000000146e+04
1.650000000000000000e+01 6.889966666666667152e+04
1.750000000000000000e+01 1.886696666666666715e+04
1.850000000000000000e+01 7.069250000000000000e+04
1.950000000000000000e+01 2.945056666666666570e+04
2.050000000000000000e+01 7.680880000000000109e+03
2.150000000000000000e+01 8.379816666666667516e+03
2.250000000000000000e+01 3.925099999999999909e+03
2.350000000000000000e+01 2.403159999999999854e+03
2.450000000000000000e+01 1.956000000000000000e+03
2.550000000000000000e+01 1.466076923076923094e+03
2.650000000000000000e+01 1.438349999999999909e+03
2.750000000000000000e+01 3.193133333333333212e+03
2.850000000000000000e+01 3.242033333333333303e+03
2.950000000000000000e+01 5.920366666666666788e+03
3.050000000000000000e+01 6.892500000000000000e+03
3.150000000000000000e+01 6.426699999999999818e+03
3.250000000000000000e+01 1.024410000000000036e+04
3.350000000000000000e+01 1.340645000000000073e+04
3.450000000000000000e+01 6.347777777777777374e+03
3.550000000000000000e+01 8.185519999999999709e+04
3.650000000000000000e+01 1.983773333333333430e+05
