3.510000000000000000e+02
0.000000000000000000e+00
1.850000000000000000e+02
0.000000000000000000e+00
0.000000000000000000e+00
0.000000000000000000e+00
0.000000000000000000e+00
0.000000000000000000e+00
0.000000000000000000e+00
0.000000000000000000e+00
0.000000000000000000e+00
0.000000000000000000e+00
0.000000000000000000e+00
0.000000000000000000e+00
1.581500000000000000e+03
2.546000000000000000e+03
0.000000000000000000e+00
0.000000000000000000e+00
2.648000000000000000e+03
7.947500000000000000e+02
0.000000000000000000e+00
4.360000000000000000e+02
1.550500000000000000e+03
6.800000000000000000e+02
2.637500000000000000e+02
1.813500000000000000e+03
2.637000000000000000e+03
2.403250000000000000e+03
1.059750000000000000e+03
5.342500000000000000e+02
9.200000000000000000e+02
6.082500000000000000e+02
2.625000000000000000e+02
8.055000000000000000e+02
5.780000000000000000e+02
6.080000000000000000e+02
8.590000000000000000e+02
5.405000000000000000e+02
4.720000000000000000e+02
5.600000000000000000e+02
1.360000000000000000e+02
3.137500000000000000e+02
5.312500000000000000e+02
5.605000000000000000e+02
5.040000000000000000e+02
1.330000000000000000e+02
0.000000000000000000e+00
0.000000000000000000e+00
0.000000000000000000e+00
