3.397000000000000000e+03
0.000000000000000000e+00
3.652500000000000000e+03
0.000000000000000000e+00
0.000000000000000000e+00
0.000000000000000000e+00
0.000000000000000000e+00
0.000000000000000000e+00
0.000000000000000000e+00
0.000000000000000000e+00
0.000000000000000000e+00
0.000000000000000000e+00
0.000000000000000000e+00
0.000000000000000000e+00
5.559500000000000000e+03
5.692000000000000000e+03
1.695000000000000000e+03
6.349000000000000000e+03
6.606000000000000000e+03
4.011500000000000000e+03
0.000000000000000000e+00
4.226000000000000000e+03
4.221000000000000000e+03
4.492000000000000000e+03
3.504000000000000000e+03
4.135000000000000000e+03
5.942000000000000000e+03
5.142000000000000000e+03
1.936500000000000000e+03
2.505000000000000000e+03
1.622000000000000000e+03
1.072000000000000000e+03
5.670000000000000000e+02
1.196000000000000000e+03
1.890000000000000000e+03
1.198000000000000000e+03
1.318000000000000000e+03
1.035500000000000000e+03
8.100000000000000000e+02
1.030000000000000000e+03
3.580000000000000000e+02
5.975000000000000000e+02
9.585000000000000000e+02
8.920000000000000000e+02
7.870000000000000000e+02
4.010000000000000000e+02
0.000000000000000000e+00
0.000000000000000000e+00
0.000000000000000000e+00
