7.200000000000000000e+02
0.000000000000000000e+00
5.735000000000000000e+02
0.000000000000000000e+00
0.000000000000000000e+00
0.000000000000000000e+00
0.000000000000000000e+00
0.000000000000000000e+00
0.000000000000000000e+00
0.000000000000000000e+00
0.000000000000000000e+00
0.000000000000000000e+00
0.000000000000000000e+00
0.000000000000000000e+00
3.905000000000000000e+02
3.040000000000000000e+02
0.000000000000000000e+00
0.000000000000000000e+00
9.635000000000000000e+02
7.947500000000000000e+02
0.000000000000000000e+00
1.546000000000000000e+03
1.016750000000000000e+03
5.450000000000000000e+02
8.562500000000000000e+02
1.902500000000000000e+03
5.460000000000000000e+02
1.650250000000000000e+03
2.591000000000000000e+03
8.957500000000000000e+02
1.003000000000000000e+03
9.260000000000000000e+02
1.081000000000000000e+03
7.755000000000000000e+02
1.629500000000000000e+03
1.389000000000000000e+03
1.025000000000000000e+03
1.544750000000000000e+03
1.435250000000000000e+03
1.128000000000000000e+03
2.875000000000000000e+02
1.040500000000000000e+03
1.023250000000000000e+03
1.585000000000000000e+03
7.370000000000000000e+02
2.737500000000000000e+02
0.000000000000000000e+00
0.000000000000000000e+00
0.000000000000000000e+00
