-5.450000000000000000e+04 6.809300000000000000e+04
-5.250000000000000000e+04 9.970700000000000000e+04
-4.050000000000000000e+04 7.494250000000000000e+04
-3.950000000000000000e+04 4.128900000000000000e+04
-3.850000000000000000e+04 3.264200000000000000e+04
-3.750000000000000000e+04 1.522200000000000000e+04
-3.650000000000000000e+04 2.847250000000000000e+04
-3.550000000000000000e+04 1.253950000000000000e+04
-3.350000000000000000e+04 2.838750000000000000e+04
-3.250000000000000000e+04 6.299500000000000000e+03
-3.150000000000000000e+04 4.206700000000000000e+04
-3.050000000000000000e+04 1.660250000000000000e+04
-2.950000000000000000e+04 5.981350000000000000e+04
-2.850000000000000000e+04 2.835200000000000000e+04
-2.750000000000000000e+04 7.608300000000000000e+04
-2.650000000000000000e+04 1.373600000000000000e+04
-2.550000000000000000e+04 8.364700000000000000e+04
-2.450000000000000000e+04 5.100700000000000000e+04
-2.350000000000000000e+04 2.998800000000000000e+04
-2.250000000000000000e+04 3.169400000000000000e+04
-2.150000000000000000e+04 3.348700000000000000e+04
-2.050000000000000000e+04 6.794950000000000000e+04
-1.950000000000000000e+04 2.462500000000000000e+04
-1.850000000000000000e+04 7.933100000000000000e+04
-1.750000000000000000e+04 3.131300000000000000e+04
-1.650000000000000000e+04 9.675700000000000000e+04
-1.550000000000000000e+04 1.843835000000000000e+05
-1.450000000000000000e+04 8.032600000000000000e+04
-1.350000000000000000e+04 4.813500000000000000e+04
-1.250000000000000000e+04 6.858000000000000000e+04
-1.150000000000000000e+04 4.585100000000000000e+04
-1.050000000000000000e+04 8.915950000000000000e+04
-9.500000000000000000e+03 9.801500000000000000e+04
