# bin_mid (kcal mol^-1)
-54500.00000
-53500.00000
-52500.00000
-51500.00000
-50500.00000
-49500.00000
-48500.00000
-47500.00000
-46500.00000
-45500.00000
-44500.00000
-43500.00000
-42500.00000
-41500.00000
-40500.00000
-39500.00000
-38500.00000
-37500.00000
-36500.00000
-35500.00000
-34500.00000
-33500.00000
-32500.00000
-31500.00000
-30500.00000
-29500.00000
-28500.00000
-27500.00000
-26500.00000
-25500.00000
-24500.00000
-23500.00000
-22500.00000
-21500.00000
-20500.00000
-19500.00000
-18500.00000
-17500.00000
-16500.00000
-15500.00000
-14500.00000
-13500.00000
-12500.00000
-11500.00000
-10500.00000
-9500.00000
-8500.00000
-7500.00000
-6500.00000
