2.796704398667764336e-10
5.788135910940550896e-10
1.184241292201554016e-09
2.395250858457182509e-09
4.789289979044192829e-09
9.466742971493971857e-09
1.849862131544053626e-08
3.573447955977625317e-08
6.824092161636169561e-08
1.288284044446327439e-07
2.404294675556539990e-07
4.435811505363589919e-07
8.090358990007937725e-07
1.458719617720662423e-06
2.600070807463233402e-06
4.581501649311140232e-06
7.980678935127514053e-06
1.374298749480086893e-05
2.339547045553244656e-05
3.937238593101647570e-05
6.550297166838572318e-05
1.077307271712068485e-04
1.751569998876936806e-04
2.815300274517197133e-04
4.473333376086306755e-04
7.026630645188521387e-04
1.091119463872078539e-03
1.674969092585049980e-03
2.541854043072310117e-03
3.813324267640773139e-03
5.655437169097671767e-03
8.291592357426224441e-03
1.201763527227781708e-02
1.721905890960349211e-02
2.438984947102490128e-02
3.415215740658986143e-02
4.727553825186080194e-02
6.469401962137352746e-02
8.751874967038364428e-02
1.170435236132488233e-01
1.547401400703535823e-01
2.022403917483628910e-01
2.613016332624854554e-01
3.337533740190405940e-01
4.214232764506607998e-01
5.260423238125273571e-01
6.491307306115391418e-01
7.918683137850741627e-01
9.549553680051550142e-01
1.138472374622422345e+00
1.341748852502508305e+00
1.563253038448103371e+00
1.800514584242921323e+00
2.050091847495270958e+00
2.307593498202162419e+00
2.567761054376365593e+00
2.824614741377941218e+00
3.071660039697646560e+00
3.302146882303893527e+00
3.509368221794794351e+00
3.686980186541107152e+00
3.829322830565530467e+00
3.931718997116814052e+00
3.990729334738854384e+00
4.004344085475050719e+00
3.972096730946633514e+00
3.895090533514108166e+00
3.775935866580456768e+00
3.618603298970861637e+00
3.428203965389817753e+00
3.210714162623788503e+00
2.972664845763498320e+00
2.720818447750587232e+00
2.461855128400988413e+00
2.202088325929946411e+00
1.947225684626648246e+00
1.702186560592952702e+00
1.470981931448335223e+00
1.256657224189746236e+00
1.061293830247720393e+00
8.860612827720912854e-01
7.313094646143041277e-01
5.966888763051597655e-01
4.812868577821570737e-01
3.837685469136515870e-01
3.025130167646163937e-01
2.357371720628928247e-01
1.816023174604027290e-01
1.383005851413099119e-01
1.041204324638615036e-01
7.749206312545078856e-02
5.701482539066394378e-02
4.146939396339263673e-02
2.981788899814750288e-02
2.119509727204303001e-02
1.489372222829956835e-02
1.034618885039993372e-02
7.105045586687278557e-03
4.823504101967766855e-03
3.237186733492129851e-03
2.147742287401205492e-03
1.408659086820016493e-03
9.133536129172168663e-04
5.854385522489221304e-04
3.709650565725024435e-04
2.323774624944819765e-04
1.439011700705518967e-04
8.809352000056357591e-05
5.331297532697769690e-05
3.189563085040397788e-05
1.886421732417086720e-05
1.102949695494971768e-05
6.375025684357528740e-06
3.642650402147831548e-06
2.057606704625977857e-06
1.148990825210283548e-06
6.342786251434922262e-07
3.461408953187264463e-07
1.867390180356834082e-07
9.959248082838499101e-08
5.250822685212883841e-08
2.736764814205076135e-08
1.410122769580614446e-08
7.182666404317127646e-09
3.616794144883559476e-09
1.800409142806809401e-09
8.859882308820229274e-10
4.310166242647066796e-10
2.072857347473023094e-10
9.854943466889343196e-11
4.631782879817814285e-11
2.152046262143101138e-11
9.884721504964801821e-12
4.488352437514712898e-12
2.014744895535134273e-12
8.940609805456917462e-13
3.922298169079458012e-13
1.701322685648342265e-13
7.299261284110284305e-14
3.102220124689974160e-14
1.313545594868864871e-14
5.659383163782930697e-15
2.663466070926835228e-15
1.624261068978658527e-15
1.509127243614096457e-15
1.944818868107884108e-15
2.869076022155426343e-15
4.398520245020862497e-15
6.798166129631066804e-15
1.050683659275499019e-14
1.620505540412957790e-14
2.492893025929230434e-14
3.824511942560532948e-14
5.851321541107948505e-14
8.927584168880954743e-14
1.358360115067423566e-13
2.061087204635943896e-13
3.118730922102462862e-13
4.706078414173685636e-13
7.081735909712902508e-13
1.062720811050240772e-12
1.590365999498167870e-12
2.373410936120114324e-12
3.532207835458172023e-12
5.242234934842193559e-12
7.758594799329858401e-12
1.145105326028215432e-11
1.685399876530613225e-11
2.473745406459495132e-11
3.620769665851347553e-11
5.284938759311707442e-11
7.692570193922013862e-11
1.116592441690373004e-10
1.616251133285751175e-10
2.332991495978476875e-10
3.358201974795426709e-10
4.820465508154165961e-10
6.900154284568184383e-10
9.849527600282317636e-10
1.402031859991269088e-09
1.990147787880564000e-09
2.817064572340342188e-09
3.976411759158787825e-09
5.597163567132887064e-09
7.856439315749547398e-09
1.099673170591771427e-08
1.534901764778676296e-08
2.136365683226121026e-08
2.965156388990309070e-08
4.103888530200287483e-08
5.663936495439539774e-08
7.794979494724364214e-08
1.069754853600494620e-07
1.463946264413630094e-07
1.997728538756048188e-07
2.718423762347130090e-07
3.688638194150928024e-07
4.990936470489355804e-07
6.733858184528919935e-07
9.059634685514646395e-07
1.215405094646988217e-06
1.625900308573374204e-06
2.168842996333265960e-06
2.884845100251774205e-06
3.826272623953158137e-06
5.060427323669050978e-06
6.673523395802699228e-06
8.775638839712412580e-06
1.150685663102244533e-05
1.504485196152090521e-05
1.961422915876721054e-05
2.549796603545977647e-05
3.305138482113238355e-05
4.271913788824155774e-05
5.505577345404327858e-05
7.075053138090695330e-05
9.065711192155875473e-05
1.158292602526995638e-04
1.475631160044766916e-04
1.874473883388778287e-04
2.374225315045440355e-04
2.998502105887132399e-04
3.775944590425069991e-04
4.741160342864326463e-04
5.935815702172288297e-04
7.409891996812595404e-04
9.223123689030610951e-04
1.144663581409543097e-03
1.416479782154980108e-03
1.747731013432151205e-03
2.150153832112169667e-03
2.637510761614420864e-03
3.225876750333520060e-03
3.933953209702681017e-03
4.783409698844230500e-03
5.799252699090132537e-03
7.010220172438366704e-03
8.449199717451567893e-03
1.015366712145536650e-02
1.216614096022318459e-02
1.453464762131263452e-02
1.731318973589435900e-02
2.056220951343825515e-02
2.434903690788691247e-02
2.874831093408583560e-02
3.384236083794809474e-02
3.972153224944849348e-02
4.648444196785134902e-02
5.423814370428110126e-02
6.309818600457177407e-02
7.318854276673220083e-02
8.464139632681190462e-02
9.759675308980514385e-02
1.122018722022142256e-01
1.286104888691943227e-01
1.469818156732894676e-01
1.674793077039711253e-01
1.902691804931868902e-01
2.155186736894261490e-01
2.433940580874533466e-01
2.740583890343925577e-01
3.076690152998460825e-01
3.443748591440051188e-01
3.843134904293354914e-01
4.276080250548051076e-01
4.743638855747049909e-01
5.246654693988155316e-01
5.785727772365778510e-01
6.361180612073910057e-01
6.973025580434902837e-01
7.620933778087948252e-01
8.304206222991349362e-01
9.021748095426808112e-01
9.772046813738395343e-01
1.055315469731853195e+00
1.136267694001506401e+00
1.219776556283027613e+00
1.305511993924909575e+00
1.393099439014358509e+00
1.482121322900759930e+00
1.572119350403018423e+00
1.662597553365978920e+00
1.753026116994095052e+00
1.842845955271666059e+00
1.931473994198706912e+00
2.018309103990469922e+00
2.102738604293986846e+00
2.184145250365739255e+00
2.261914593525227613e+00
2.335442596522730341e+00
2.404143374170679692e+00
2.467456922066648684e+00
2.524856691792198404e+00
2.575856869833221374e+00
2.620019219768150442e+00
2.656959353044141992e+00
2.686352302837121897e+00
2.707937287893603440e+00
2.721521568603523455e+00
2.726983315482877757e+00
2.724273430298798537e+00
2.713416281724561507e+00
2.694509340092448912e+00
2.667721718908988571e+00
2.633291653686951506e+00
2.591522970715328889e+00
2.542780619043280232e+00
2.487485357653964169e+00
2.426107706070129932e+00
2.359161280065102062e+00
2.287195644440527698e+00
2.210788821765697243e+00
2.130539599445725241e+00
2.047059777496271771e+00
1.960966496051614882e+00
1.872874775117937762e+00
1.783390389688289890e+00
1.693103191417830500e+00
1.602580974035683781e+00
1.512363964004993511e+00
1.422960001124728979e+00
1.334840456294844380e+00
1.248436916033504263e+00
1.164138646012314204e+00
1.082290829298459656e+00
1.003193559548784863e+00
9.271015554213193344e-01
8.542245502210754626e-01
7.847283004778541349e-01
7.187361488931368614e-01
6.563310709509679874e-01
5.975581304585828590e-01
5.424272673006969026e-01
4.909163406378160288e-01
4.429743524895269347e-01
3.985247799183179174e-01
3.574689486413519801e-01
3.196893866030893205e-01
2.850531025892957260e-01
2.534147421022510116e-01
2.246195802059537949e-01
1.985063186621957854e-01
1.749096622076222185e-01
1.536626560873111669e-01
1.345987738086937557e-01
1.175537503868524514e-01
1.023671620241515534e-01
8.888375813861959518e-02
7.695455588889602017e-02
6.643771082644928105e-02
5.719918004808004219e-02
4.911319625241744591e-02
4.206257246773995734e-02
3.593885797155810247e-02
3.064236613006053947e-02
2.608209461804122248e-02
2.217555780980077010e-02
1.884855013079328109e-02
1.603485789781773987e-02
1.367593571712852514e-02
1.172056191384783855e-02
1.012448578449974372e-02
8.850077741910386889e-03
7.865991695065599823e-03
7.146847305237811164e-03
6.672938106177179682e-03
6.429969886385526398e-03
6.408832215847702282e-03
6.605404563844987677e-03
7.020397100782955167e-03
7.659225004965127676e-03
8.531913903096457336e-03
9.653032958714674247e-03
1.104165108391430561e-02
1.272131078615377012e-02
1.472001327514275981e-02
1.707020764888187575e-02
1.980877625989800259e-02
2.297700774275315827e-02
2.662054867530724844e-02
3.078932446523065247e-02
3.553741981868421829e-02
4.092290908065148586e-02
4.700762685803913654e-02
5.385686966949466276e-02
6.153901993119498259e-02
7.012508440481408922e-02
7.968814031827792244e-02
9.030268373282349104e-02
1.020438763763163309e-01
1.149866890904236438e-01
1.292049422373125478e-01
1.447702458598185693e-01
1.617508450571170375e-01
1.802103788848520294e-01
2.002065640627763710e-01
2.217898178122388320e-01
2.450018371787029969e-01
2.698741551409062356e-01
2.964266965814912891e-01
3.246663597025677417e-01
3.545856506200765756e-01
3.861614005702027064e-01
4.193535963201941441e-01
4.541043549130023838e-01
4.903370737184917783e-01
5.279557858560262051e-01
5.668447493532662307e-01
6.068682958930760041e-01
6.478709616757409862e-01
6.896779188123581816e-01
7.320957208173235475e-01
7.749133702586700201e-01
8.179037105544985087e-01
8.608251373950267515e-01
9.034236184665548341e-01
9.454350032171321416e-01
9.865875975082646354e-01
1.026604971325507210e+00
1.065208961459136017e+00
1.102122825397441108e+00
1.137074497774035908e+00
1.169799896736707145e+00
1.200046224698328556e+00
1.227575206204067237e+00
1.252166205187476011e+00
1.273619164741181864e+00
1.291757314709502724e+00
1.306429595896592799e+00
1.317512754412597076e+00
1.324913065553248170e+00
1.328567653492205292e+00
1.328445380796535513e+00
1.324547290164227453e+00
1.316906589618498824e+00
1.305588181452927765e+00
1.290687744273200321e+00
1.272330386294854954e+00
1.250668896408567043e+00
1.225881627206271807e+00
1.198170050984587398e+00
1.167756035544577520e+00
1.134878891258030542e+00
1.099792244273721353e+00
1.062760792833119305e+00
1.024057004432204598e+00
9.839578110206403938e-01
9.427413576238978798e-01
9.006838567940147477e-01
8.580565972561472465e-01
8.151231501619710107e-01
7.721368106482089377e-01
7.293383061043082760e-01
6.869537958610497652e-01
6.451931801074900497e-01
6.042487289095247460e-01
5.642940354131507075e-01
5.254832908292814686e-01
4.879508727571603144e-01
4.518112329315585041e-01
4.171590656733100699e-01
3.840697342568784589e-01
3.525999291308263284e-01
3.227885294606075983e-01
2.946576378074742264e-01
2.682137568899423119e-01
2.434490772529654401e-01
2.203428452357233669e-01
1.988627818090671073e-01
1.789665245652026226e-01
1.606030672952167837e-01
1.437141740910061471e-01
1.282357476629795989e-01
1.140991344818121922e-01
1.012323523445798901e-01
8.956122895271503848e-02
7.901044299986942354e-02
6.950446204013838170e-02
6.096837398988507600e-02
5.332861146913205064e-02
4.651357028147439648e-02
4.045412514543712812e-02
3.508404731560234302e-02
3.034032996795621787e-02
2.616342817779713364e-02
2.249742100382741417e-02
1.929010362767052955e-02
1.649301770705645376e-02
1.406142810919716428e-02
1.195425402607031527e-02
1.013396216376127347e-02
8.566429271780308732e-03
7.220780762465158278e-03
6.069211590659045683e-03
5.086794943149952619e-03
4.251283646728197703e-03
3.542908561330967813e-03
2.944177595968017203e-03
2.439678382546705930e-03
2.015887076223322853e-03
1.660985227848528045e-03
1.364686199471114043e-03
1.118072170665521765e-03
9.134424128038631276e-04
7.441731899365635391e-04
6.045893770763744596e-04
4.898476668364465901e-04
3.958310602846746304e-04
3.190542037974898278e-04
2.565790366088362400e-04
2.059401495405731178e-04
1.650792200059105939e-04
1.322878779025417621e-04
1.061583678191320950e-04
8.554140175043577514e-05
6.951064029496795593e-05
5.733329651455503048e-05
4.844642306258611296e-05
4.243851799010860630e-05
3.903616629322962419e-05
3.809552152800537263e-05
3.959852366986666865e-05
4.365384497202857511e-05
5.050265410615086112e-05
6.052938958211547844e-05
7.427783550140881503e-05
9.247289509984448288e-05
1.160485590333554799e-04
1.461826643759438443e-04
1.843391348368667135e-04
2.323184802780218008e-04
2.923174111764158321e-04
3.669984875723515780e-04
4.595707679659561469e-04
5.738824466086267680e-04
7.145264620767095192e-04
8.869600197190776131e-04
1.097638888850646253e-03
1.354167205378351566e-03
1.665463324689635477e-03
2.041942020983626878e-03
2.495713011044658342e-03
3.040795386753917737e-03
3.693347066571698711e-03
4.471907818581227767e-03
5.397653765361156916e-03
6.494660555479151581e-03
7.790171582469285726e-03
9.314866758139190087e-03
1.110312641545979813e-02
1.319328394416657488e-02
1.562785977141736837e-02
1.845376831725261541e-02
2.172248861198267794e-02
2.549018839649243306e-02
2.981779077755629392e-02
3.477097192286716237e-02
4.042007790135896533e-02
4.683994865152694281e-02
5.410963724142438952e-02
6.231201311425980244e-02
7.153323893420265867e-02
8.186211199284172679e-02
9.338926293365759634e-02
1.062062068146929356e-01
1.204042442598001750e-01
1.360732136324873387e-01
1.533000987723951436e-01
1.721675008133362605e-01
1.927519868849285611e-01
2.151223329992354161e-01
2.393376830329802807e-01
2.654456503112392896e-01
2.934803927417353742e-01
3.234606965901899445e-01
3.553881076694699326e-01
3.892451517787954840e-01
4.249936885172753698e-01
4.625734439606675186e-01
5.019007679988263249e-01
5.428676612725487072e-01
5.853411145387431569e-01
6.291627998813817957e-01
6.741491484597603723e-01
7.200918434740398721e-01
7.667587498036868565e-01
8.138952934551089147e-01
8.612262947024227344e-01
9.084582488235566355e-01
9.552820378637433274e-01
1.001376046172127277e+00
1.046409641850626571e+00
1.090046976037784887e+00
1.131951042439171884e+00
1.171787931018494211e+00
1.209231202571188657e+00
1.243966305277405926e+00
1.275694950497675562e+00
1.304139363207515334e+00
1.329046322685920378e+00
1.350190911433971408e+00
1.367379894794491735e+00
1.380454660295026503e+00
1.389293654201069428e+00
1.393814262938224857e+00
1.393974098657742244e+00
1.389771660967789257e+00
1.381246360382817340e+00
1.368477902978470606e+00
1.351585049688988960e+00
1.330723777256702878e+00
1.306084880660656200e+00
1.277891068561094912e+00
1.246393613583550941e+00
1.211868627863560421e+00
1.174613040970054811e+00
1.134940361974084100e+00
1.093176309948078462e+00
1.049654397555181307e+00
1.004711550670471354e+00
9.586838432808715282e-01
9.119024214097268821e-01
8.646896827258374607e-01
8.173557700852678298e-01
7.701954278069225168e-01
7.234852593074316829e-01
6.774814141321962024e-01
6.324177217286939268e-01
5.885042788126039204e-01
5.459264871512440331e-01
5.048445292756963410e-01
4.653932612393704704e-01
4.276824942317450362e-01
3.917976307526959689e-01
3.578006162313166483e-01
3.257311634654201926e-01
2.956082050541570805e-01
2.674315280483546275e-01
2.411835452697935755e-01
2.168311590422694057e-01
1.943276753025773018e-01
1.736147290715812086e-01
1.546241859079537373e-01
1.372799880802650085e-01
1.214999186194865161e-01
1.071972610029626738e-01
9.428233683347087002e-02
8.266390838821773002e-02
7.225043721476247238e-02
6.295119395457235423e-02
5.467721821012185013e-02
4.734213048725836870e-02
4.086280100859623204e-02
3.515988249083916439e-02
3.015821580957098874e-02
2.578711885311820579e-02
2.198056981777024230e-02
1.867729675408773618e-02
1.582078537900949086e-02
1.335921706615838915e-02
1.124534856465396818e-02
9.436344422861184592e-03
7.893572354738108421e-03
6.582370927263609360e-03
5.471798008857550917e-03
4.534367437573306667e-03
3.745780376276893094e-03
3.084656847217276659e-03
2.532272002542961409e-03
2.072300807790078327e-03
1.690574004947351583e-03
1.374847489004451303e-03
1.114586581804241161e-03
9.007661212271706646e-04
7.256868012322927703e-04
5.828077958944527385e-04
4.665953734752225778e-04
3.723869487065755335e-04
2.962698260230693811e-04
2.349737461963132099e-04
1.857762563314683038e-04
1.464198712369596468e-04
1.150399758603370579e-04
9.010242735302215016e-05
7.034984551546254888e-05
5.475562664654241618e-05
4.248477360186680572e-05
3.286070023905895775e-05
2.533723811569533500e-05
1.947514462608600179e-05
1.492248258385218957e-05
1.139830993586642400e-05
8.679183617421495477e-06
6.588042685317029194e-06
4.985092261467705880e-06
3.760361205179297195e-06
2.827652730805444789e-06
2.119648479637752487e-06
1.583963038325963860e-06
1.179977851606974011e-06
8.763112397866022133e-07
6.488051674894939235e-07
4.789298984104514289e-07
3.525250881174490757e-07
2.588105779252343126e-07
1.896125021555646801e-07
1.387606286614448072e-07
1.016214107591960927e-07
7.473830155440137837e-08
5.555670457421009098e-08
4.221571594296280089e-08
3.339273602519215798e-08
2.819025242848085157e-08
2.605676096088337618e-08
2.673601828135690032e-08
3.024071628971326776e-08
3.684832823881682886e-08
4.711838496269257852e-08
6.193187425435259336e-08
8.255489034713355549e-08
1.107301642386366293e-07
1.488017494465030691e-07
1.998799934235419523e-07
2.680560672579560555e-07
3.586778351810616712e-07
4.787018065832815567e-07
6.371394195204449516e-07
8.456200565833752174e-07
1.119098099922096155e-06
1.476737108200371485e-06
1.943010967049285399e-06
2.549069753965240788e-06
3.334427198798785085e-06
4.349037141095390459e-06
5.655838408691773194e-06
7.333861179087745932e-06
9.482003227278811030e-06
1.222360157279955457e-05
1.571194393623938295e-05
2.013688506982478076e-05
2.573275533840701533e-05
3.278777271289082777e-05
4.165519431261375610e-05
5.276646939077156792e-05
6.664668165224742257e-05
8.393259432166330311e-05
1.053936355593841862e-04
1.319561835792390449e-04
1.647315288718957866e-04
2.050479037851321053e-04
2.544869756424113184e-04
3.149251966684188798e-04
3.885803901127947392e-04
4.780639248304714619e-04
5.864387877693502931e-04
7.172838028406252351e-04
8.747641630087465720e-04
1.063708337727546464e-03
1.289691287848721132e-03
1.559123762934589569e-03
1.879347270066183354e-03
2.258734087900101783e-03
2.706791454806244373e-03
3.234268786255874422e-03
3.853266476163007184e-03
4.577344512801632438e-03
5.421628796813307560e-03
6.402912692782179033e-03
7.539750984583479428e-03
8.852543047537374254e-03
1.036360170827131839e-02
1.209720394859887388e-02
1.407961933653154030e-02
1.633911185077372569e-02
1.890591062056019150e-02
2.181214504675646135e-02
2.509173981896269806e-02
2.878026551251425605e-02
3.291474075304962055e-02
3.753338238704317931e-02
4.267530070400024633e-02
4.838013752606594442e-02
5.468764591563474164e-02
6.163721134834752174e-02
6.926731544940009644e-02
7.761494478123184826e-02
8.671494868009450852e-02
9.659935174105316324e-02
1.072966282127526538e-01
1.188309472459958549e-01
1.312213995997154048e-01
1.444812179957273568e-01
1.586170047778671932e-01
1.736279818179017886e-01
1.895052786658368571e-01
2.062312757131735674e-01
2.237790195749529976e-01
2.421117279560440483e-01
2.611824009123888679e-01
2.809335546213716506e-01
3.012970925206365780e-01
3.221943269575432978e-01
3.435361623217162430e-01
3.652234480347361090e-01
3.871475067829641126e-01
4.091908400548875946e-01
4.312280094505205330e-01
4.531266884468646561e-01
4.747488754206059536e-01
4.959522548458203395e-01
5.165916898048363848e-01
5.365208253814305328e-01
5.555937792532082975e-01
5.736668929659836103e-01
5.906005150509586743e-01
6.062607854179530298e-01
6.205213893928638313e-01
6.332652494157851031e-01
6.443861228092039317e-01
6.537900751738102700e-01
6.613968008611527116e-01
6.671407645739452219e-01
6.709721414010623164e-01
6.728575364297746386e-01
6.727804693991502605e-01
6.707416145570659349e-01
6.667587908382748285e-01
6.608667025636476566e-01
6.531164359381305129e-01
6.435747215644284092e-01
6.323229778625816255e-01
6.194561545726177121e-01
6.050813993106974875e-01
5.893165733565218778e-01
5.722886453973884402e-01
5.541319937885790248e-01
5.349866489787821200e-01
5.149965080831678810e-01
4.943075531776277565e-01
4.730661037685803816e-01
4.514171321159046180e-01
4.295026677212327448e-01
4.074603144234792973e-01
3.854219002625661750e-01
3.635122766829440577e-01
3.418482798568958647e-01
3.205378630205321100e-01
2.996794048368707775e-01
2.793611950286093992e-01
2.596610949477201058e-01
2.406463674485773141e-01
2.223736674720358242e-01
2.048891821819385783e-01
1.882289073605920016e-01
1.724190450887133075e-01
1.574765065167811617e-01
1.434095027735726169e-01
1.302182067365545981e-01
1.178954684794724095e-01
1.064275676776086088e-01
9.579498704625676042e-02
8.597319196328276347e-02
7.693340272931907531e-02
6.864334739497271465e-02
6.106798467970121075e-02
5.417018817006810649e-02
4.791138466768916221e-02
4.225214121560610242e-02
3.715269692772118354e-02
3.257343724688105402e-02
2.847530963704551429e-02
2.482018095388578705e-02
2.157113782247761444e-02
1.869273227269721213e-02
1.615117564008636611e-02
1.391448433469716361e-02
1.195258151924010089e-02
1.023735903060128336e-02
8.742704037970614947e-03
7.444494970850914703e-03
6.320571186742954088e-03
5.350680697555705925e-03
4.516410052034292889e-03
3.801100194529353094e-03
3.189751803191855691e-03
2.668923266936600990e-03
2.226624102646953401e-03
1.852206252916873547e-03
1.536255349346235359e-03
1.270483684589480576e-03
1.047626313982935858e-03
8.613414091138871416e-04
7.061157142315683090e-04
5.771757137821340684e-04
4.704049063398431331e-04
3.822673966523901234e-04
3.097378625164149313e-04
2.502378252563366252e-04
2.015780497623195907e-04
1.619068201144735020e-04
1.296637773606643595e-04
1.035389645267526941e-04
8.243669793102113082e-05
6.544387093803671353e-05
5.180229414230412430e-05
4.088468251172426468e-05
3.217391333537416681e-05
2.524519721220830126e-05
1.975082630692231913e-05
1.540718842102619437e-05
1.198376102150735610e-05
9.293825369061078570e-06
7.186666601386972530e-06
5.541050520656605816e-06
4.259791512371435788e-06
3.265248208818683658e-06
2.495604027822025758e-06
1.901808472766862732e-06
1.445072045761130322e-06
1.094822827087851495e-06
8.270462748850863467e-07
6.229416915941794624e-07
4.678391994963459995e-07
3.503300893176221016e-07
2.615711813279186692e-07
1.947304958656239370e-07
1.445471947643145878e-07
1.069835457677302329e-07
7.895068994314949493e-08
5.809335968870853463e-08
4.262149504634265213e-08
3.117902192909373828e-08
2.274196136473484570e-08
1.653959874805593516e-08
1.199371275006057607e-08
8.671893570800945241e-09
6.251811242030838301e-09
4.493962012599282435e-09
3.220954270179761158e-09
2.301819913073766792e-09
1.640173341144235553e-09
1.165305447389517019e-09
8.255082664110743800e-10
5.830887984756368563e-10
4.106573424417114848e-10
2.883740044226724065e-10
2.019129835074936075e-10
1.409626338849278602e-10
9.812403253494025539e-11
6.810490503047648456e-11
4.713169054212335820e-11
3.252215125983274828e-11
2.237572599731120674e-11
1.534993805016971946e-11
1.049947879840528193e-11
7.160782400949706216e-12
4.869505207290910853e-12
3.301724363561097319e-12
2.232175906903845628e-12
1.504692097369445012e-12
1.011343030363153678e-12
6.777678336411041063e-13
4.528924111252453413e-13
3.017454675006493150e-13
2.004555518795080264e-13
1.327782819491491269e-13
8.769354418549504642e-14
5.774838224658207339e-14
3.791784476680848254e-14
2.482441872265271974e-14
1.620489247993478888e-14
1.054738603695657179e-14
6.845026776482245688e-15
4.429320262328042828e-15
2.857792136364117061e-15
1.838466889180702318e-15
1.179268261927878873e-15
7.542251848167377608e-16
4.809734146900545587e-16
3.058248247887425828e-16
1.938902726380855471e-16
1.225662585493886741e-16
7.725337447723764968e-17
4.855071280932949643e-17
3.042323444742427816e-17
1.900845328899409434e-17
1.184185659924676054e-17
7.355707265462887855e-18
4.555758551221073974e-18
2.813381210952319167e-18
1.732319876220700760e-18
1.063553193778100113e-18
6.510614270195470324e-19
3.973894539177359937e-19
2.418479058003546757e-19
1.467573789568215495e-19
8.879513757456835919e-20
5.356856888531625908e-20
3.222274435472114811e-20
1.932620711215440303e-20
