8.399551027237727383e-09
1.611970347736333354e-08
3.062270921701141491e-08
5.758552379429019791e-08
1.071923399620237150e-07
1.975115414413411749e-07
3.602442772559027405e-07
6.503919962247376703e-07
1.162316454536226962e-06
2.056090916572770638e-06
3.600199950481117138e-06
6.239861856035074663e-06
1.070496035348477269e-05
1.817835572170617146e-05
3.055493146270990708e-05
5.083501703781713118e-05
8.371385952335842848e-05
1.364527541706049140e-04
2.201484558587223051e-04
3.515566009652590493e-04
5.556726951856514512e-04
8.693306435216829626e-04
1.346142488013992757e-03
2.063170896485891186e-03
3.129792561922253684e-03
4.699267595659119279e-03
6.983565308966900413e-03
1.027199481446282835e-02
1.495413041192801898e-02
2.154738476685243154e-02
3.072934434385151542e-02
4.337461983163698465e-02
6.059546298106825019e-02
8.378475375514259083e-02
1.146591763902212457e-01
1.552995087171172017e-01
2.081839997396772168e-01
2.762098877785889028e-01
3.626973251208004401e-01
4.713694586063883474e-01
6.063023174336212850e-01
7.718386289533029077e-01
9.724608513420436307e-01
1.212620668781742461e+00
1.496524965106691196e+00
1.827881813665493071e+00
2.209614128790523324e+00
2.643553042239796369e+00
3.130127417700935055e+00
3.668069738955209935e+00
4.254161402044243090e+00
4.883041719603099295e+00
5.547104291073241100e+00
6.236501528994461196e+00
6.939272978937653491e+00
7.641605787663348082e+00
8.328226675798585887e+00
8.982914715421856044e+00
9.589113952857916345e+00
1.013061542376516577e+01
1.059227036795446786e+01
1.096069135343024747e+01
1.122489624055254076e+01
1.137685183124397348e+01
1.141187966181997915e+01
1.132889533268480697e+01
1.113046428743064453e+01
1.082267003691080909e+01
1.041480427537219811e+01
9.918900919154594931e+00
9.349146674417674774e+00
8.721208392348327010e+00
8.051521601255284821e+00
7.356584992647736243e+00
6.652302443906242146e+00
5.953407890282521819e+00
5.272999789779729163e+00
4.622201998224488406e+00
4.009957582277920984e+00
3.442952379570478172e+00
2.925656749075542518e+00
2.460467503907264764e+00
2.047927793390557749e+00
1.687000759347550227e+00
1.375372966692671062e+00
1.109765559800730106e+00
8.862343704324444627e-01
7.004442993367935300e-01
5.479077227164095287e-01
4.241810065258680984e-01
3.250171076544025039e-01
2.464754706598167311e-01
1.849928698355080559e-01
1.374204747331522203e-01
1.010332871426318224e-01
7.351831852235024556e-02
5.294758999126840393e-02
3.774139324676833995e-02
2.662639397711586212e-02
1.859221409102929101e-02
1.284919392392469377e-02
8.789180706446865152e-03
5.950458183002270938e-03
3.987344245558945878e-03
2.644540447426038839e-03
1.736008069604079050e-03
1.127951001397572246e-03
7.253834785899853678e-04
4.617277914499329271e-04
2.909024211586422499e-04
1.814068530805358495e-04
1.119714181682267599e-04
6.840847952442257005e-05
4.136796252714383665e-05
2.476121517309864045e-05
1.467018628663613463e-05
8.603148199011292522e-06
4.993896705418742558e-06
2.869355637651928558e-06
1.631902461924750472e-06
9.186949941421692260e-07
5.119389765413448526e-07
2.823820661742477482e-07
1.541808688120093991e-07
8.332987523562619813e-08
4.458104627457837785e-08
2.360921187890043201e-08
1.237647200397086169e-08
6.422421693712065765e-09
3.299056813010889077e-09
1.677537511679151675e-09
8.444007413772134179e-10
4.207473201412096294e-10
2.075357985313634344e-10
1.013365941525266450e-10
4.898290729654008101e-11
2.343868578640873688e-11
1.110311823474311349e-11
5.207341273194632100e-12
2.418595100218233725e-12
1.113462493691167798e-12
5.096459652118638230e-13
2.342949443681824858e-13
1.117829830336652424e-13
6.055749629890859111e-14
4.360349897121039467e-14
4.498666889598495317e-14
5.897296879531109489e-14
8.519418882883380426e-14
1.267588730285839539e-13
1.898853819512951699e-13
2.844581644070663473e-13
4.253282444065946668e-13
6.344176421762499992e-13
9.438578130556211437e-13
1.400555022207113113e-12
2.072769161112489930e-12
3.059547982806630795e-12
4.504208766018050786e-12
6.613544130184572662e-12
9.685100775950080792e-12
1.414581003527196590e-11
2.060653276047961319e-11
2.993884710042040702e-11
4.338282949957580958e-11
6.269788939997322365e-11
9.037322749700393808e-11
1.299206099756124978e-10
1.862804361538998691e-10
2.663832502838052714e-10
3.799238656453337630e-10
5.404253840272404400e-10
7.666972438287393222e-10
1.084827146314714730e-09
1.530894053867742609e-09
2.154651991405364323e-09
3.024516695245063088e-09
4.234295109131986941e-09
5.912238802968483498e-09
8.233186077253810092e-09
1.143479580897809652e-08
1.583918408082328777e-08
2.188167120965660382e-08
3.014885550411317158e-08
4.142888015168105661e-08
5.677758713245216122e-08
7.760530128627886449e-08
1.057903127691918931e-07
1.438267929470728799e-07
1.950169668732478371e-07
2.637199705610080581e-07
3.556730576516901358e-07
4.784048236520142731e-07
6.417650470471070903e-07
8.586017933497489744e-07
1.145623809506079909e-06
1.524495205145122204e-06
2.023220264159776022e-06
2.677889285014800425e-06
3.534871982717732982e-06
4.653563614120587153e-06
6.109811068340389777e-06
8.000172193540728367e-06
1.044719214471760715e-05
1.360591609896271498e-05
1.767189887912653149e-05
2.289101944364458889e-05
2.957146241604364649e-05
3.809829038139704214e-05
4.895110004014690831e-05
6.272533284906283953e-05
8.015789671280353730e-05
1.021578496354585644e-04
1.298429987579756504e-04
1.645833783267596428e-04
2.080526868935605241e-04
2.622888859905820138e-04
3.297652876484770163e-04
4.134735837712425854e-04
5.170203931607408139e-04
6.447390176914124301e-04
8.018182026854139572e-04
9.944497819020592724e-04
1.229997147728341964e-03
1.517186514149044315e-03
1.866322924934803998e-03
2.289532892370985638e-03
2.801035422140758877e-03
3.417442976452933837e-03
4.158093638587751113e-03
5.045415356087044542e-03
6.105322645532987140e-03
7.367645528720714702e-03
8.866589728831687084e-03
1.064122627867028319e-02
1.273600767643028910e-02
1.520130656639290950e-02
1.809397162503461470e-02
2.147789390462494924e-02
2.542457533940230968e-02
3.001368947287470779e-02
3.533362274449029783e-02
4.148198291283108907e-02
4.856605943102285800e-02
5.670321887614305362e-02
6.602121692323612012e-02
7.665840690806027813e-02
8.876382380872151201e-02
1.024971215674027880e-01
1.180283411450227110e-01
1.355374866304854820e-01
1.552138871875539949e-01
1.772553236876416860e-01
2.018669006103852581e-01
2.292596462499675580e-01
2.596488274845848987e-01
2.932519693731682198e-01
3.302865746414258008e-01
3.709675436894409595e-01
4.155043020508624174e-01
4.640976491870574816e-01
5.169363500075192519e-01
5.741934984401569908e-01
6.360226905729771119e-01
7.025540531661605970e-01
7.738901814805082546e-01
8.501020481542375107e-01
9.312249520396633784e-01
1.017254582230059157e+00
1.108143277709084051e+00
1.203796566891230269e+00
1.304070073557636933e+00
1.408766876117406808e+00
1.517635405563619422e+00
1.630367963810765763e+00
1.746599938211698566e+00
1.865909779929584511e+00
1.987819803518520390e+00
2.111797852646675633e+00
2.237259862547413380e+00
2.363573333744150684e+00
2.490061714166105222e+00
2.616009668316879644e+00
2.740669193090567557e+00
2.863266520607729237e+00
2.983009729553508294e+00
3.099096968446467759e+00
3.210725177555285192e+00
3.317099181302959554e+00
3.417441010416340852e+00
3.510999303208093281e+00
3.597058628573565287e+00
3.674948569826780531e+00
3.744052408583047331e+00
3.803815251620820792e+00
3.853751451022831009e+00
3.893451178803421620e+00
3.922586031470733925e+00
3.940913557246294996e+00
3.948280618577943990e+00
3.944625524662643379e+00
3.929978892405954660e+00
3.904463218997047846e+00
3.868291174452791914e+00
3.821762647449241435e+00
3.765260601887725933e+00
3.699245824335467336e+00
3.624250663180653476e+00
3.540871878553400798e+00
3.449762737366004473e+00
3.351624499884507724e+00
3.247197452820376196e+00
3.137251648888722322e+00
3.022577514083802708e+00
2.903976481640521357e+00
2.782251805946579282e+00
2.658199700796350040e+00
2.532600934665837578e+00
2.406213001534810658e+00
2.279762969635350967e+00
2.153941092848857153e+00
2.029395250809115314e+00
1.906726264603666454e+00
1.786484115793986360e+00
1.669165077765907723e+00
1.555209750604795271e+00
1.445001974146718604e+00
1.338868578910203055e+00
1.237079921522923565e+00
1.139851140216405989e+00
1.047344057093573033e+00
9.596696472356616159e-01
8.768909902995136729e-01
7.990266179972922433e-01
7.260541706296810283e-01
6.579142774971628027e-01
5.945145793424218006e-01
5.357338157533357847e-01
4.814259064352782169e-01
4.314239621889729426e-01
3.855441690502684482e-01
3.435894971117341434e-01
3.053531938167818871e-01
2.706220297775742134e-01
2.391792732237577046e-01
2.108073768717162733e-01
1.852903681734350549e-01
1.624159404491515302e-01
1.419772482467138719e-01
1.237744153488708893e-01
1.076157681396945065e-01
9.331881053886778576e-02
8.071095943449084487e-02
6.963006152597416010e-02
5.992471377758882417e-02
5.145441034055320967e-02
4.408953889528575282e-02
3.771124896861715453e-02
3.221121396839769779e-02
2.749130752473131004e-02
2.346321330525578952e-02
2.004798584955105184e-02
1.717557820753681103e-02
1.478435032489174884e-02
1.282057024442982175e-02
1.123791832817802247e-02
9.997002885656431498e-03
9.064893847769496180e-03
8.414679474612267451e-03
8.025049545479173360e-03
7.879907061523630171e-03
7.968009202719712400e-03
8.282637124468065007e-03
8.821293156186144763e-03
9.585423073461754942e-03
1.058016035455872431e-02
1.181408869834980717e-02
1.329901857108272377e-02
1.504977316095644675e-02
1.708397884996893518e-02
1.942185516017567656e-02
2.208599909527235103e-02
2.510115887771143667e-02
2.849399227614233740e-02
3.229280502764012711e-02
3.652726528347847307e-02
4.122809054493218467e-02
4.642670420447002344e-02
5.215485956385764593e-02
5.844423005829606915e-02
6.532596536655284336e-02
7.283021412018179930e-02
8.098561502650158950e-02
8.981875937303099300e-02
9.935362906544729922e-02
1.096110155436933742e-01
1.206079260956446769e-01
1.323569852164007410e-01
1.448658397135186848e-01
1.581365772028954786e-01
1.721651684446321440e-01
1.869409446016746801e-01
2.024461209364202263e-01
2.186553786643647967e-01
2.355355166355355689e-01
2.530451841946907421e-01
2.711347059666491255e-01
2.897460084166831873e-01
3.088126568480569212e-01
3.282600100277666133e-01
3.480054978938793009e-01
3.679590258184093354e-01
3.880235067115403447e-01
4.080955198970467879e-01
4.280660932129514706e-01
4.478216022497695237e-01
4.672447780900146896e-01
4.862158124191285347e-01
5.046135465035269663e-01
5.223167283397387450e-01
5.392053203313191823e-01
5.551618382050589329e-01
5.700727005868665431e-01
5.838295677648206450e-01
5.963306477073827550e-01
6.074819474031408761e-01
6.171984480577350496e-01
6.254051836244260976e-01
6.320382035452190017e-01
6.370454024150083994e-01
6.403872015153300179e-01
6.420370697491648571e-01
6.419818743860861154e-01
6.402220551316768482e-01
6.367716182938397695e-01
6.316579511541688952e-01
6.249214599855251739e-01
6.166150384079611690e-01
6.068033758672284339e-01
5.955621188808684074e-01
5.829769002606537409e-01
5.691422537297327056e-01
5.541604331611129641e-01
5.381401570352982722e-01
5.211952996252385839e-01
5.034435508551577954e-01
4.850050667477376343e-01
4.660011318853083395e-01
4.465528543903303227e-01
4.267799126142677868e-01
4.067993710567108234e-01
3.867245810705510212e-01
3.666641797021266136e-01
3.467211976293255726e-01
3.269922846593537047e-01
3.075670586949411645e-01
2.885275815350893391e-01
2.699479624024505031e-01
2.518940877376062981e-01
2.344234736181556589e-01
2.175852351878099777e-01
2.014201657499181397e-01
1.859609167150335085e-01
1.712322684089225278e-01
1.572514808531378372e-01
1.440287130244080893e-01
1.315674987737658896e-01
1.198652675271666274e-01
1.089138980763260794e-01
9.870029417700260099e-02
8.920697127378804381e-02
8.041264443502360582e-02
7.229280847668877186e-02
6.482030224762062864e-02
5.796585010835609425e-02
5.169857473178182672e-02
4.598647645725941618e-02
4.079687551525850581e-02
3.609681448418282368e-02
3.185341932582187036e-02
2.803421825508124049e-02
2.460741852132670299e-02
2.154214190434714307e-02
1.880862035249445882e-02
1.637835371200703147e-02
1.422423191568363172e-02
1.232062431920284175e-02
1.064343909979613943e-02
9.170155771641739367e-03
7.879833933474354388e-03
6.753101355588615913e-03
5.772124445249488325e-03
4.920564011289645968e-03
4.183519090047316952e-03
3.547461405103048779e-03
3.000162821288899096e-03
2.530617927243333093e-03
2.128963647632888066e-03
1.786397552436393404e-03
1.495096301852859777e-03
1.248135445995405580e-03
1.039411592226165311e-03
8.635677625836745731e-04
7.159225912907362299e-04
5.924038591454609641e-04
4.894867284152306080e-04
4.041369288732059805e-04
3.337590526039715673e-04
2.761500415724297067e-04
2.294578968394080445e-04
1.921456006589416230e-04
1.629602213060898799e-04
1.409071640715432283e-04
1.252295390815802412e-04
1.153926360989030657e-04
1.110735268666313490e-04
1.121558555107178632e-04
1.187299256491202684e-04
1.310982477871408330e-04
1.497867708881170726e-04
1.755620862123634038e-04
2.094549580312014662e-04
2.527906029271439993e-04
3.072262051905587333e-04
3.747962182079099059e-04
4.579660583465799809e-04
5.596948460333241388e-04
6.835078855477233397e-04
8.335795972375749157e-04
1.014827619817039537e-03
1.233018782230656989e-03
1.494887600084445108e-03
1.808267876470460566e-03
2.182237876618652300e-03
2.627279395647517512e-03
3.155450844308512609e-03
3.780574234858504259e-03
4.518435654347553038e-03
5.386998462665854026e-03
6.406628045581768544e-03
7.600326487859083990e-03
8.993975008992086129e-03
1.061658142655056564e-02
1.250052928405748914e-02
1.468182460854583482e-02
1.720033555685435839e-02
2.010001948150309109e-02
2.342913121174136290e-02
2.724040562116595426e-02
3.159120686120615862e-02
3.654363600361851261e-02
4.216458828132740172e-02
4.852575067403932380e-02
5.570353028319988131e-02
6.377890381110869200e-02
7.283717853247870244e-02
8.296765545361953209e-02
9.426318592289981146e-02
1.068196138111169036e-01
1.207350965422463729e-01
1.361092997382706282e-01
1.530424620537137181e-01
1.716343289150185081e-01
1.919829563362678293e-01
2.141833887346863974e-01
2.383262176842628199e-01
2.644960317793466631e-01
2.927697711759810195e-01
3.232150038692722105e-01
3.558881442716544385e-01
3.908326380912783282e-01
4.280771407757213431e-01
4.676337197817913571e-01
5.094961135520508222e-01
5.536380822172580762e-01
6.000118865985484273e-01
6.485469329577258080e-01
6.991486210524420208e-01
7.516974323230508626e-01
8.060482934144618250e-01
8.620302476849113216e-01
9.194464638629511466e-01
9.780746065985347348e-01
1.037667588355372539e+00
1.097954715979210238e+00
1.158643238447681245e+00
1.219420294886012446e+00
1.279955254067960180e+00
1.339902428483609853e+00
1.398904137833510308e+00
1.456594088703638379e+00
1.512601029397098618e+00
1.566552631657033068e+00
1.618079544517022406e+00
1.666819559954999530e+00
1.712421825581365908e+00
1.754551036414708776e+00
1.792891536012864995e+00
1.827151256922481259e+00
1.857065431637885844e+00
1.882400008030560290e+00
1.902954707492004571e+00
1.918565669751420177e+00
1.929107635370474139e+00
1.934495625127496954e+00
1.934686084695507180e+00
1.929677472976406793e+00
1.919510282938617252e+00
1.904266494562756984e+00
1.884068470266969664e+00
1.859077313697139688e+00
1.829490722772086020e+00
1.795540377129561271e+00
1.757488908407552231e+00
1.715626508927417859e+00
1.670267240165169031e+00
1.621745106786875557e+00
1.570409964906828160e+00
1.516623334567801074e+00
1.460754186249034969e+00
1.403174769527702148e+00
1.344256548940360396e+00
1.284366307733492807e+00
1.223862474707826831e+00
1.163091722925117866e+00
1.102385881852186778e+00
1.042059196770559470e+00
9.824059611918323220e-01
9.236985397983397128e-01
8.661857912781845137e-01
8.100918925328122189e-01
7.556155582761399092e-01
7.029296431673747181e-01
6.521811074510803774e-01
6.034913217170860822e-01
5.569566819110314260e-01
5.126495021672394792e-01
4.706191504155502470e-01
4.308933900232881919e-01
3.934798899397936589e-01
3.583678658602690303e-01
3.255298157469357356e-01
2.949233145535443690e-01
2.664928350984686056e-01
2.401715646199256149e-01
2.158831895184231131e-01
1.935436240412986564e-01
1.730626620895785450e-01
1.543455348317647191e-01
1.372943603036475557e-01
1.218094745785059385e-01
1.077906373394957457e-01
9.513810771855860104e-02
8.375358903859822512e-02
7.354104357449708917e-02
6.440738061170164785e-02
5.626302291711916814e-02
4.902235824414989673e-02
4.260408367857042300e-02
3.693145150871231241e-02
3.193242589193012737e-02
2.753975991434395171e-02
2.369100273023920511e-02
2.032844635138365830e-02
1.739902136596067905e-02
1.485415043289756154e-02
1.264956785031655373e-02
1.074511286533012464e-02
9.104503702991342123e-03
7.695098568928483360e-03
6.487649144262339768e-03
5.456051361102238345e-03
4.577097537524771678e-03
3.830233274810211207e-03
3.197321886394315082e-03
2.662418544436705517e-03
2.211555800692949041e-03
1.832541665996191820e-03
1.514771017788050589e-03
1.249050746952661429e-03
1.027438751636938112e-03
8.430966337569827584e-04
6.901557497597801075e-04
5.635961067122434009e-04
4.591374734255078676e-04
3.731419894791662565e-04
3.025274981072698121e-04
2.446907975116119696e-04
1.974399950801091234e-04
1.589351563114813591e-04
1.276364614295280597e-04
1.022591145284222527e-04
8.173428982194895184e-05
6.517544474848836148e-05
5.184937824746271363e-05
4.115146275231797721e-05
3.258452893687479386e-05
2.574093188981039905e-05
2.028737531508905309e-05
1.595211592645710607e-05
1.251421297543598874e-05
9.794527539974619870e-06
7.648212654075904580e-06
5.958468534315865568e-06
4.631367099399139300e-06
3.591576790875340292e-06
2.778842541608520777e-06
2.145096791109275632e-06
1.652095921539800919e-06
1.269492603789913744e-06
9.732685208237338343e-07
7.444639933004427612e-07
5.681513799345094691e-07
4.326079604206552679e-07
3.286515166526344008e-07
2.491081781798028006e-07
1.883874446934074293e-07
1.421437806808140354e-07
1.070079190467141698e-07
8.037412095340224707e-08
6.023221443226097875e-08
4.503535814100647560e-08
3.359622138939150093e-08
2.500569948527576907e-08
1.856944777359767816e-08
1.375846367471448207e-08
1.017071180056731487e-08
7.501404980135560863e-09
5.520050653942878378e-09
4.052769995685666072e-09
2.968714848979079702e-09
2.169660444300718415e-09
1.582052467626811763e-09
1.150945680890975293e-09
8.353963306874611408e-10
6.049688296093349939e-10
4.370941534175262897e-10
3.150774943534446857e-10
2.265994975619161835e-10
1.625917216668313236e-10
1.163950656539479714e-10
8.313158513194543293e-11
5.923679915200349859e-11
4.211238080581530103e-11
2.986890765716529419e-11
2.113580789706413667e-11
1.492131016485462298e-11
1.050950533280761143e-11
7.384879630333899412e-12
5.177129325636810112e-12
3.620909535480703392e-12
2.526550769288992394e-12
1.758809137104970934e-12
1.221485652419367776e-12
8.463220525008471392e-13
5.850045529039402569e-13
4.034203699792204022e-13
2.775428821896076996e-13
1.904911404700979663e-13
1.304339455630260536e-13
8.909973440440621489e-14
6.071987997636670084e-14
4.128125858375506552e-14
2.799892277740121025e-14
1.894501472342207437e-14
1.278829636001849624e-14
8.611790855036990577e-15
5.785437895589708214e-15
3.877394131581821251e-15
2.592409537908537197e-15
1.729124435751479126e-15
1.150553759528016083e-15
7.637385210865476571e-16
5.057532691859052953e-16
3.341089138667969392e-16
2.201871414319452028e-16
1.447603299266366499e-16
9.494238034832297331e-17
6.211877113225913112e-17
4.054497689960433040e-17
2.639988412674025669e-17
1.714814200565981813e-17
1.111172692192309114e-17
7.182817985979754336e-18
4.631870149087222292e-18
2.979651869118618845e-18
1.912149118120521341e-18
1.224121538985616485e-18
7.817598509478200241e-19
4.980440291820201997e-19
3.165244030108602188e-19
2.006740872847682535e-19
1.269169433507485257e-19
8.007403479252444957e-20
5.039729543045204586e-20
3.164213548940344850e-20
1.981832846062494148e-20
1.238256452167836757e-20
7.717847543957985145e-21
4.798698907122786004e-21
2.976406357105734074e-21
1.841628737700266666e-21
1.136718204383391984e-21
6.999131722776643870e-22
4.299083682893051939e-22
2.634194164949800758e-22
1.610125042314033039e-22
9.817731662297723909e-23
5.971758669923930605e-23
3.623536943529505302e-23
2.193321611378907790e-23
1.324374947838486495e-23
7.977346472360754942e-24
4.793410951244969108e-24
2.873223729348046068e-24
1.718037604052540630e-24
1.024788402476164290e-24
6.097810680917001040e-25
3.619526487084077150e-25
2.143224003722637211e-25
1.265963705920425404e-25
7.459551858358844801e-26
4.384720600175062589e-26
2.571039416409681530e-26
1.503879676570120410e-26
8.775157470263462107e-27
5.107803148618434138e-27
2.965860532506748646e-27
1.717926497272675240e-27
9.926488767800695417e-28
5.721684457194864086e-28
3.289949807637227123e-28
1.887086099422057683e-28
1.079769832371490384e-28
6.163219759295184561e-29
3.509304626562195711e-29
1.993294187132112085e-29
1.129428165544955056e-29
6.383850068961011124e-30
3.599511497752562693e-30
2.024609387371416045e-30
1.135993107182701397e-30
6.358386033996355590e-31
3.550216269066820372e-31
1.977422313711857489e-31
1.098704072523105149e-31
6.089739330652919333e-32
3.367079111332502254e-32
1.857139685609569426e-32
1.021815389135126166e-32
5.608373292763921079e-33
3.070704166703047306e-33
1.677164359291704590e-33
9.137972385432657077e-34
4.966616393677630477e-34
2.692823847481959649e-34
1.456437369999977760e-34
7.858003479037226161e-35
4.229306368530522829e-35
2.270714826181275939e-35
1.216165161072458661e-35
6.497690608149965352e-36
3.463075822540278666e-36
1.841202133077911759e-36
9.765116540465098481e-37
5.166422035452992289e-37
2.726709136355430397e-37
1.435569514003979700e-37
7.539562013043604196e-38
3.950067182132583588e-38
2.064425987840285485e-38
1.076293261417305173e-38
5.597555273316152199e-39
2.904040199536649514e-39
1.502945797720700041e-39
7.759263002732711455e-40
3.996079177967572299e-40
2.052977326557254079e-40
1.052133081313760096e-40
5.378902254145575094e-41
2.743172262566724204e-41
1.395561436860601215e-41
7.082413671291579739e-42
3.585502814944102070e-42
1.810736658910544958e-42
9.122144924380302725e-43
4.584321715441150322e-43
2.298209700728956565e-43
1.149319206808286121e-43
5.733609618923757128e-44
2.853330112444713549e-44
1.416486249526881844e-44
7.014700763398108158e-45
3.465312288070982291e-45
1.707701854993187793e-45
8.394950966010153678e-46
4.116809008611653886e-46
2.013908412712935811e-46
9.827773849019122260e-47
4.784174735536411503e-47
2.323246829644485197e-47
1.125434213408697920e-47
5.438527320384297279e-48
2.621675621786556650e-48
1.260703727711620276e-48
6.047606960824732073e-49
2.893946641604174149e-49
1.381446022287510902e-49
6.578301293782858582e-50
3.124856230058712805e-50
1.480753474992894918e-50
6.999579000074777887e-51
3.300635131202777650e-51
1.552599906035636546e-51
7.285477687020317470e-52
3.410302854128989315e-52
1.592444494538560153e-52
7.417748390884437053e-53
3.446801961324472006e-53
1.597706506433834550e-53
7.387782739662183247e-54
3.407749522141922054e-54
1.568041869321740339e-54
7.197539933719187652e-55
3.295694523145471196e-55
1.505380396788830643e-55
6.859334802935683446e-56
3.117842587993601798e-56
1.413718064903210441e-56
6.394518806931959090e-57
2.885289327087940873e-57
1.298695418145484627e-57
5.831250337016209976e-58
2.611875687779086701e-58
1.167023921630311090e-58
5.201677856330676115e-59
2.312829326522074809e-59
1.025841247261804689e-59
4.538926684693744042e-60
2.003376693830902325e-60
8.820810765597920153e-61
3.874278459930101925e-61
1.697499275333402528e-61
7.419331941068793319e-62
3.234867114348995325e-62
1.406968993721627402e-62
6.104485229620931101e-63
2.642104596052620675e-63
1.140741928556885641e-63
4.913163777301028737e-64
2.110918746733872136e-64
9.047284161042804273e-65
3.868132873241722745e-65
1.649760783260216701e-65
7.019028505063024326e-66
2.978992949107905123e-66
1.261241879908034091e-66
5.326767358698104521e-67
2.244220448460048766e-67
9.431998852650616110e-68
3.954380010363016342e-68
1.653824813302177107e-68
6.899808604311055501e-69
2.871580681027230739e-69
1.192178926085904277e-69
4.937399822343538651e-70
2.039818809975432998e-70
8.406618248297889174e-71
3.456109540085327275e-71
1.417392434045473423e-71
5.798680232474092159e-72
2.366489866455910606e-72
9.634220384777095311e-73
3.912595426587752041e-73
1.585074750623413982e-73
6.405764844611253733e-74
2.582430689119236678e-74
1.038538964613427115e-74
4.166327020034488375e-75
1.667325352523391746e-75
6.656160587423540131e-76
2.650718855282610470e-76
1.053028152630194783e-76
4.173041807685849636e-77
1.649688428035642723e-77
6.505603026466268478e-78
2.559231830897285080e-78
1.004310809742746538e-78
3.931543492233209533e-79
1.535304314129120872e-79
5.980841523425757095e-80
2.324162867283972528e-80
9.009636311837575869e-81
3.484050177906227817e-81
1.343996014034008882e-81
5.171874752104157620e-82
1.985338003522528563e-82
7.602516155308562054e-83
2.904134232797762176e-83
1.106655531950020341e-83
