1.568773684606306063e-02
1.568773684606306063e-02
1.568773684606306063e-02
1.568773684606306063e-02
1.568773684606306063e-02
1.568773684606306063e-02
1.568773684606306063e-02
1.568773684606306063e-02
3.325800212720864124e-02
1.757026528114380426e-02
1.757026528114380426e-02
3.325800212720864124e-02
1.757026528114380426e-02
1.757026528114380426e-02
1.757026528114380426e-02
1.757026528114380426e-02
3.325800212720864124e-02
1.757026528114380426e-02
3.325800212720864124e-02
5.082826740835244550e-02
5.082826740835244550e-02
5.082826740835244550e-02
5.082826740835244550e-02
3.325800212720864124e-02
3.325800212720864124e-02
5.082826740835244550e-02
4.957324844568589128e-02
9.726396847412033253e-02
9.726396847412033253e-02
9.726396847412033253e-02
4.957324844568589128e-02
9.726396847412033253e-02
9.726396847412033253e-02
9.726396847412033253e-02
6.588849477308045266e-02
5.459332426067931010e-02
5.459332426067931010e-02
9.287140214937750216e-02
5.647585264225796209e-02
5.396581475259054628e-02
5.396581475259054628e-02
9.287140214937750216e-02
9.349891162178991522e-02
5.647585264225796209e-02
7.530113690390294323e-02
8.785132635221870601e-02
4.706321053818740552e-02
4.769072002843799396e-02
1.568773684606483698e-02
7.781117479356680633e-02
6.651600425441372977e-02
6.275094738424868979e-02
2.133532211563959891e-02
2.133532211563959891e-02
6.024090949458482669e-02
3.702305897953550584e-02
2.886543579354494682e-02
6.024090949458482669e-02
5.522083371525710049e-02
2.886543579354494682e-02
6.024090949458482669e-02
5.522083371525710049e-02
2.886543579354494682e-02
3.702305897953550584e-02
2.384535998746528662e-02
3.639554950712309278e-02
5.835838109517510475e-02
5.396581473475947632e-02
2.070781262538901046e-02
5.396581473475947632e-02
4.329815373936085621e-02
7.843868426597921939e-02
4.329815373936085621e-02
5.396581473475947632e-02
6.337845687449572551e-02
2.886543578462763548e-02
6.965355161649000593e-02
6.337845687449572551e-02
6.337845687449572551e-02
6.965355161649000593e-02
2.886543578462763548e-02
6.337845687449572551e-02
8.534128846255484291e-02
3.388551161745567697e-02
2.886543580246225815e-02
2.698290738521436083e-02
7.090857056132193748e-02
6.714351372682614283e-02
1.066766106673711079e-02
1.380520842881338694e-02
5.647585269576183009e-02
7.090857056132193748e-02
6.714351372682614283e-02
8.283125057289097981e-02
1.694275579089321582e-02
7.028106108890597170e-02
3.388551158178998435e-02
6.839853267166162709e-02
4.643570103010219441e-02
1.694275579089321582e-02
7.843868426597921939e-02
8.659630737171042369e-02
7.843868426597921939e-02
1.506022737364887121e-02
1.506022737364887121e-02
1.506022737364887121e-02
1.506022737364887121e-02
1.506022737364887121e-02
1.506022737364887121e-02
6.337845687449927823e-02
7.341860846882042324e-02
6.337845687449927823e-02
6.337845687449927823e-02
6.337845687449927823e-02
5.020075779324173482e-03
5.710336213250855053e-02
5.522083367958785516e-02
5.773087160492096359e-02
8.659630740738677446e-02
7.906619373839518516e-02
3.263049265478912275e-02
2.698290738521436083e-02
5.773087160492096359e-02
8.659630740738677446e-02
4.894573899110099546e-02
8.032121266538894133e-02
8.032121266538894133e-02
8.032121266538894133e-02
8.157623162806260098e-02
5.459332420717188938e-02
8.032121266538894133e-02
3.074796425537940081e-02
8.032121266538894133e-02
6.024090953025762474e-02
8.032121266538894133e-02
7.843868423030997405e-02
7.843868423030997405e-02
2.447286949555049773e-02
9.726396847412033253e-02
8.345876004530694559e-02
8.910634531488170751e-02
2.321785055071856618e-02
7.843868423030997405e-02
7.843868423030997405e-02
9.412642121905179238e-03
1.255018951965070073e-02
2.886543580246225815e-02
4.392566271242515086e-03
2.823792629437704704e-02
6.337845685666465556e-02
1.255018951965070073e-02
4.267064426694133772e-02
1.255018951965070073e-02
7.843868426597921939e-02
9.914649689136112443e-02
1.066766103106786545e-02
5.271079582560034282e-02
1.066766103106786545e-02
6.212343794750196935e-02
8.534128849822408824e-02
1.066766103106786545e-02
8.220374106480576870e-02
9.538144002120674259e-02
5.020075779324173482e-03
2.321785058639136423e-02
5.898589056758751781e-02
4.957324844568233857e-02
5.271079580776216744e-02
7.969370322864932632e-02
1.380520841098231699e-02
2.886543582029688082e-02
4.392566319394219931e-02
4.392566319394219931e-02
2.070781267888932575e-02
1.882528422597218309e-02
8.973385480513229595e-02
1.882528424381035848e-02
6.588849481766700933e-02
1.882528424381035848e-02
9.851898740111764141e-02
1.882528424381035848e-02
8.973385480513229595e-02
5.647585251740139256e-03
5.647585251740139256e-03
1.443271793690215077e-02
8.785132613819968128e-03
2.510037893229721817e-02
2.698290734954511549e-02
4.643570106577143974e-02
4.580819161118654392e-02
2.698290734954511549e-02
4.580819161118654392e-02
7.028106108890597170e-02
2.698290734954511549e-02
5.835838111300972741e-02
9.098887371429142945e-02
7.530113690389939052e-02
9.098887371429142945e-02
9.098887371429142945e-02
1.945279371622632425e-02
6.275094759828903079e-03
5.145577688076485856e-02
2.447286949555405045e-02
9.098887371429142945e-02
2.447286949555405045e-02
4.016060634161888743e-02
4.643570106577143974e-02
7.090857056132549019e-02
9.036136424187901639e-02
7.090857056132549019e-02
8.345876004530694559e-02
9.600894949361560293e-02
3.890558736111060512e-02
7.090857056132549019e-02
9.036136424187901639e-02
1.882528424381035848e-02
5.647585287409384591e-03
5.584834318767306627e-02
7.718366532114728784e-02
6.463347583716583244e-02
9.098887374996422750e-02
1.882528424381035848e-02
3.827807792436743739e-02
6.902604232244868854e-03
9.224389269479615905e-02
1.443271790122935272e-02
4.141562528644371355e-02
6.086841900267003780e-02
3.325800210937401857e-02
3.325800210937401857e-02
7.467362743148697746e-02
4.455317268419634047e-02
4.706321053818385280e-02
5.647585287409384591e-03
1.631524631848080276e-02
3.137547369211901582e-02
3.137547369211901582e-02
2.698290738521791354e-02
3.137547369211901582e-02
5.333830529800920317e-02
3.137547369211901582e-02
6.902604232241316140e-03
8.220374110047856675e-02
4.894573895543530284e-02
2.447286949554694502e-02
5.647585262441978671e-02
4.329815370369161087e-02
4.518068212094306091e-02
7.279109894290058946e-02
4.392566321178037470e-02
3.451302105419884469e-02
3.074796421970660276e-02
1.882528381575099274e-03
6.086841893133509984e-02
3.451302105419884469e-02
7.404611795907101168e-02
2.259034104263335507e-02
5.208328631750802629e-02
6.777102323491490665e-02
7.781117479357035904e-02
7.530113668984483866e-03
3.137547369212612125e-02
1.443271786555655467e-02
6.526098527390900017e-02
1.443271786555655467e-02
2.259034107830260041e-02
6.965355161649000593e-02
3.263049263696160551e-02
8.032121268322711671e-02
6.463347583716938516e-02
8.032121268322711671e-02
7.467362739581773212e-02
6.463347583716938516e-02
6.463347583716938516e-02
6.965355161649000593e-02
3.263049263695805280e-02
3.890558739677985045e-02
2.949294531054391655e-02
7.843868426597921939e-02
8.534128846255129019e-02
6.275094738424868979e-02
5.145577684509916594e-02
8.659630738954859908e-02
8.659630738954859908e-02
8.659630738954859908e-02
2.196283160589018735e-02
9.977400636378419563e-02
8.659630738954859908e-02
8.659630738954859908e-02
2.196283160589018735e-02
8.659630738954859908e-02
8.659630738954859908e-02
3.451302105419884469e-02
1.882528417244344610e-03
5.271079582559323740e-02
5.584834318767661898e-02
3.012045478295988232e-02
5.584834318767661898e-02
8.094872215564308249e-02
6.777102316357286327e-02
6.839853267165807438e-02
9.412642121908731951e-03
9.036136427754826173e-02
4.643570106577143974e-02
9.036136427754826173e-02
7.467362743148697746e-02
9.036136427754826173e-02
7.467362743148697746e-02
7.530113668988036579e-03
9.036136427754826173e-02
9.412642107637125832e-02
2.698290738521436083e-02
5.710336209683575248e-02
3.639554947145384745e-02
8.910634529705063756e-02
8.910634529705063756e-02
6.714351369116045021e-02
9.977400636378064291e-02
8.659630740738677446e-02
3.890558739678695588e-02
6.337845685666465556e-02
4.957324842785126862e-02
4.455317264851998971e-02
8.847883582463467178e-02
9.663645896603512142e-02
9.349891163962453788e-02
4.455317264851998971e-02
5.459332420717544210e-02
5.647585287409384591e-03
1.945279371622632425e-02
9.036136427754470901e-02
1.568773686389590694e-02
7.090857052565269214e-02
8.910634533271633018e-02
5.020075814993418817e-03
7.592864630498041834e-02
3.890558736111415783e-02
5.835838111300972741e-02
7.341860848665504591e-02
3.137547365645332320e-02
1.129517050348027851e-02
6.777102323491490665e-02
3.451302105419884469e-02
4.455317261285429709e-02
3.074796425537940081e-02
6.714351372682614283e-02
4.894573895543530284e-02
6.902604232244868854e-03
6.400596636475341938e-02
9.914649689136822985e-02
9.914649689136822985e-02
9.161638318670739523e-02
5.710336213250499782e-02
7.279109897856983480e-02
5.082826740834889279e-02
2.196283157022094201e-02
6.275094724156105030e-03
9.726396843845108720e-02
7.781117479356325362e-02
2.196283157022094201e-02
6.651600421874093172e-02
8.973385480513229595e-02
9.161638318671094794e-02
7.404611795907101168e-02
3.765056834492241933e-03
4.643570110143713237e-02
9.977400639945344096e-02
4.141562528644371355e-02
7.090857056131838476e-02
9.538144005687243521e-02
4.769072004627261663e-02
7.279109897856983480e-02
6.839853267166162709e-02
8.471377902580456976e-02
5.396581473475592361e-02
2.447286949555405045e-02
8.032121268322711671e-02
6.526098530958179822e-02
7.655615584873132207e-02
4.267064423127919781e-02
1.255018944831221006e-02
1.255018944831221006e-02
5.459332424284468743e-02
3.702305894386626051e-02
6.212343791183627673e-02
4.267064423127564510e-02
5.459332424284468743e-02
6.212343791183627673e-02
7.341860845098224786e-02
7.969370321081470365e-02
6.400596636474986667e-02
5.459332424284468743e-02
8.534128849822408824e-02
5.961340005784165896e-02
8.534128849822408824e-02
8.534128849822408824e-02
2.447286949555405045e-02
4.141562528644016083e-02
5.271079582560034282e-02
3.702305894386626051e-02
1.631524635414649538e-02
5.647585266009258476e-02
6.275094738425224250e-02
1.568773684606128427e-02
1.129517050348027851e-02
5.647585266009258476e-02
4.580819159335192126e-02
1.129517050348027851e-02
1.129517050348027851e-02
5.647585266009258476e-02
4.518068212094306091e-02
9.789147794653274559e-02
6.400596636475341938e-02
3.953309686919936894e-02
5.773087156925527097e-02
3.953309686919936894e-02
5.020075790026368168e-02
9.789147794653274559e-02
1.004015162998683763e-02
3.953309683353367632e-02
1.819777473572159465e-02
9.726396847411677982e-02
1.004015162998683763e-02
3.953309683353367632e-02
4.267064421344457514e-02
3.953309683353367632e-02
6.337845685666820827e-02
7.028106112457521704e-02
7.341860845098580057e-02
2.823792633004629238e-02
6.275094759825350366e-03
5.584834318767661898e-02
1.255018948398145540e-02
7.341860845098580057e-02
5.584834318767661898e-02
8.785132613819968128e-03
3.702305894386626051e-02
7.216358950615386902e-02
4.769071997493057324e-02
9.224389265912336100e-02
2.886543580246225815e-02
2.384536002313808467e-02
3.765056816657619265e-03
1.255018944831221006e-02
8.094872215564308249e-02
4.643570106577143974e-02
3.200298320021133236e-02
3.765056816657619265e-03
7.718366532115084055e-02
3.074796421971015548e-02
9.538144005687598792e-02
4.831822948301933707e-02
8.157623159238980293e-02
8.094872215564308249e-02
1.757026529897842693e-02
6.275094741991793512e-02
4.267064423127919781e-02
7.028106108890597170e-02
4.267064426694844315e-02
1.255018948398145540e-02
8.283125053722173448e-02
3.137547326410583537e-03
3.451302108987164274e-02
4.518068212093950820e-02
8.157623166372829360e-02
4.706321053818385280e-02
3.012045474729418970e-02
8.345876006314156825e-02
1.380520842881338694e-02
4.957324842785126862e-02
5.396581477042872166e-02
4.078811577836205515e-02
7.655615584873132207e-02
1.945279368055707891e-02
7.153608003373790325e-02
6.149592843941675824e-02
7.153608003374145596e-02
8.471377899013887713e-02
7.341860848665149319e-02
7.530113668991589293e-03
3.765056834499347360e-03
7.090857052565624485e-02
5.145577688076130585e-02
7.530113668991589293e-03
5.145577688076130585e-02
9.412642111204405637e-02
3.074796421970660276e-02
7.090857052565624485e-02
2.259034111397895117e-02
4.831822951868858240e-02
4.831822951868858240e-02
7.404611799474025702e-02
1.380520842880983423e-02
1.380520842880983423e-02
4.831822951868858240e-02
1.317769899207021922e-02
7.279109897856628209e-02
6.337845685666110285e-02
1.443271790123290543e-02
7.153608003373790325e-02
1.443271790123290543e-02
9.287140216720857211e-02
2.510037889663863098e-03
2.510037889663863098e-03
1.443271790123290543e-02
3.012045474729063699e-02
6.149592847508600357e-02
9.538144005687598792e-02
3.137547362083381586e-03
3.137547369212612125e-02
6.024090953026117745e-02
8.534128846255484291e-02
3.137547369212612125e-02
1.192268001157259505e-02
5.584834318768017170e-02
2.384536002313453196e-02
3.137547362083381586e-03
8.534128846255484291e-02
2.321785055071856618e-02
8.973385476945949790e-02
2.321785055071856618e-02
4.769072004627261663e-02
9.851898741895226408e-02
2.635539791280194777e-02
8.785132635221515329e-02
6.400596632908062134e-02
2.321785055071856618e-02
4.769072004627261663e-02
5.584834318768017170e-02
8.847883586030391712e-02
6.275094741992148784e-02
3.702305897953550584e-02
5.522083371525354778e-02
8.847883586030391712e-02
8.847883586030391712e-02
3.137547362079828872e-03
1.192268001156548962e-02
9.412642121908731951e-03
5.145577688077196399e-02
1.694275579090032124e-02
6.275094738425224250e-02
5.145577688077196399e-02
5.145577688077196399e-02
6.275094738425224250e-02
6.275094738425224250e-02
9.412642121901626524e-03
7.843868423031352677e-02
5.145577688077196399e-02
5.396581473475237090e-02
9.287140216721923025e-02
5.396581473475237090e-02
5.396581473475237090e-02
5.396581473475237090e-02
5.396581473475237090e-02
5.396581473475237090e-02
5.396581473475237090e-02
5.396581473475237090e-02
