3.000000000000000000e+01 2.148235000000000000e+05
5.000000000000000000e+01 1.012826000000000000e+06
7.000000000000000000e+01 1.008551000000000000e+06
9.000000000000000000e+01 2.734900000000000000e+04
1.100000000000000000e+02 5.480000000000000000e+03
1.300000000000000000e+02 7.250000000000000000e+03
1.500000000000000000e+02 1.670300000000000000e+04
1.700000000000000000e+02 2.005400000000000000e+04
1.900000000000000000e+02 1.250000000000000000e+04
2.100000000000000000e+02 7.571250000000000000e+04
2.300000000000000000e+02 5.142770000000000000e+05
2.500000000000000000e+02 2.642100000000000000e+04
2.700000000000000000e+02 8.171000000000000000e+03
3.300000000000000000e+02 6.368000000000000000e+03
