3.000000000000000000e+01 4.600260000000000000e+05
7.000000000000000000e+01 5.746250000000000000e+04
9.000000000000000000e+01 4.567200000000000000e+04
1.100000000000000000e+02 2.109450000000000000e+04
1.300000000000000000e+02 2.715550000000000000e+04
1.500000000000000000e+02 1.948250000000000000e+04
1.700000000000000000e+02 2.371850000000000000e+04
1.900000000000000000e+02 3.025650000000000000e+04
2.100000000000000000e+02 5.284050000000000000e+04
2.300000000000000000e+02 1.563450000000000000e+05
2.500000000000000000e+02 1.167990000000000000e+05
